run_id,method,instance,seed,generation,budget_policy,auto_population_size,auto_generations,auto_beam_width,auto_max_depth,auto_decode_budget,restart_index,batch_index,within_batch_index,decode_budget,candidate_id,parent_chromosome_id,depth,trace,status,rank,crowding_distance,selected,storage_total,pick_faces,interior_storage,retrieval_penalty,door_connectivity_index,access_anchor_connectivity_index,has_door_connected_aisle,has_access_anchor_connected_aisle,aisle_components,anchor_connected_components,unanchored_aisle_components,single_aisle_component,access_network_components,aisle_access_network_components,unreachable_aisle_components,unreachable_aisle_cells,has_access_anchor_reachable_aisle_network,exact_width_ok,exact_width_violation_count,chromosome_h_active_count,chromosome_v_active_count,active_h_count,active_v_count,chromosome_index,sorting_rule,sorting_rule_mode,bs_rule_policy,bs_weight_policy,uses_scalar_score,rho,beam_w1,beam_w2,beam_lambda,adaptive_weight_mode,mutation_operator,initialization_mode,initialization_spacing_mode,adaptive_spacing_used,feasible_h_start_count,feasible_v_start_count,adaptive_spacing_mode,adaptive_spacing_alpha,adaptive_spacing_bf,auto_params_used,parameter_source,beta_h,beta_v,h_active_starts,v_active_starts,terminal,safety_max_depth_reached,feasible,feasibility_reason,storage_block_count,chromosome_signature,layout_signature
proposed_nsga2_bs_Gyorgy-KOVACS_WH_Narrow_AW_4_seed_104,proposed_nsga2_bs,Gyorgy-KOVACS_WH_Narrow_AW_4,104,0,auto_from_instance,12,18,4,30,216,,,,,1,1,5,root > H:51 > BH:27 > BH:5 > BH:39 > BH:17,evaluated,8,inf,False,752,210,542,861.0,1.0,1.0,True,True,1,1,0,True,1,1,0,0,True,True,0,7,0,7,0,1,RP_LS,sampled_pool,,,False,0.05555555555555555,0.11174099335838117,0.9444444444444444,0.1,adaptive,,feasible_start_adaptive_spacing,feasible_start_adaptive_spacing,True,45,14,feasible_start_adaptive_spacing,0.5,,True,auto_from_instance,0.75,0.35,"1,15,51",,,,,,,"H[1,5,15,17,27,39,51]|V[]",abc61d95200ab37fa130859119753a8e4d6708e0
proposed_nsga2_bs_Gyorgy-KOVACS_WH_Narrow_AW_4_seed_104,proposed_nsga2_bs,Gyorgy-KOVACS_WH_Narrow_AW_4,104,0,auto_from_instance,12,18,4,30,216,,,,,2,1,5,root > H:51 > BH:27 > BH:5 > BH:39 > BH:15,evaluated,8,0.0,False,752,210,542,861.0,1.0,1.0,True,True,1,1,0,True,1,1,0,0,True,True,0,6,0,6,0,1,RP_LS,sampled_pool,,,False,0.05555555555555555,0.11174099335838117,0.9444444444444444,0.1,adaptive,,feasible_start_adaptive_spacing,feasible_start_adaptive_spacing,True,45,14,feasible_start_adaptive_spacing,0.5,,True,auto_from_instance,0.75,0.35,"1,15,51",,,,,,,"H[1,5,15,27,39,51]|V[]",d076486f483d90b7f1f8dc0eb1269325499c80e6
proposed_nsga2_bs_Gyorgy-KOVACS_WH_Narrow_AW_4_seed_104,proposed_nsga2_bs,Gyorgy-KOVACS_WH_Narrow_AW_4,104,0,auto_from_instance,12,18,4,30,216,,,,,3,1,5,root > H:51 > BH:27 > BH:5 > BH:41 > BH:17,evaluated,9,inf,False,752,210,542,903.0,1.0,1.0,True,True,1,1,0,True,1,1,0,0,True,True,0,7,0,7,0,1,RP_LS,sampled_pool,,,False,0.05555555555555555,0.11174099335838117,0.9444444444444444,0.1,adaptive,,feasible_start_adaptive_spacing,feasible_start_adaptive_spacing,True,45,14,feasible_start_adaptive_spacing,0.5,,True,auto_from_instance,0.75,0.35,"1,15,51",,,,,,,"H[1,5,15,17,27,41,51]|V[]",80da41e88f06736f572530baad0f9bec9d18a578
proposed_nsga2_bs_Gyorgy-KOVACS_WH_Narrow_AW_4_seed_104,proposed_nsga2_bs,Gyorgy-KOVACS_WH_Narrow_AW_4,104,0,auto_from_instance,12,18,4,30,216,,,,,4,1,5,root > H:51 > BH:27 > BH:5 > BH:37 > BH:17,evaluated,9,0.0,False,752,210,542,903.0,1.0,1.0,True,True,1,1,0,True,1,1,0,0,True,True,0,7,0,7,0,1,RP_LS,sampled_pool,,,False,0.05555555555555555,0.11174099335838117,0.9444444444444444,0.1,adaptive,,feasible_start_adaptive_spacing,feasible_start_adaptive_spacing,True,45,14,feasible_start_adaptive_spacing,0.5,,True,auto_from_instance,0.75,0.35,"1,15,51",,,,,,,"H[1,5,15,17,27,37,51]|V[]",885e3d3d8ca0d559ceab399215950b7160eeb23f
proposed_nsga2_bs_Gyorgy-KOVACS_WH_Narrow_AW_4_seed_104,proposed_nsga2_bs,Gyorgy-KOVACS_WH_Narrow_AW_4,104,0,auto_from_instance,12,18,4,30,216,,,,,5,2,4,root > V:28 > BH:27 > BV:19 > BV:19,selected,0,inf,True,680,262,418,472.0,1.0,1.0,True,True,1,1,0,True,1,1,0,0,True,True,0,4,3,4,3,2,SS_PF_LS,sampled_pool,,,True,0.05555555555555555,0.1,0.9444444444444444,0.1,adaptive,,feasible_start_adaptive_spacing,feasible_start_adaptive_spacing,True,45,14,feasible_start_adaptive_spacing,0.5,,True,auto_from_instance,0.75,0.35,"9,29,52","14,28",,,,,,"H[9,27,29,52]|V[14,19,28]",fc4825140fa5e2560776b4b932f5ef46c1588f36
proposed_nsga2_bs_Gyorgy-KOVACS_WH_Narrow_AW_4_seed_104,proposed_nsga2_bs,Gyorgy-KOVACS_WH_Narrow_AW_4,104,0,auto_from_instance,12,18,4,30,216,,,,,6,2,4,root > V:28 > BH:27 > BV:19 > BV:21,selected,1,inf,True,680,262,418,524.0,1.0,1.0,True,True,1,1,0,True,1,1,0,0,True,True,0,4,4,4,4,2,SS_PF_LS,sampled_pool,,,True,0.05555555555555555,0.1,0.9444444444444444,0.1,adaptive,,feasible_start_adaptive_spacing,feasible_start_adaptive_spacing,True,45,14,feasible_start_adaptive_spacing,0.5,,True,auto_from_instance,0.75,0.35,"9,29,52","14,28",,,,,,"H[9,27,29,52]|V[14,19,21,28]",334779b46d5c288ee3031362a71af20db7b63dd5
proposed_nsga2_bs_Gyorgy-KOVACS_WH_Narrow_AW_4_seed_104,proposed_nsga2_bs,Gyorgy-KOVACS_WH_Narrow_AW_4,104,0,auto_from_instance,12,18,4,30,216,,,,,7,2,4,root > V:28 > BH:27 > BV:19 > BV:21,selected,1,0.0,True,680,262,418,524.0,1.0,1.0,True,True,1,1,0,True,1,1,0,0,True,True,0,4,4,4,4,2,SS_PF_LS,sampled_pool,,,True,0.05555555555555555,0.1,0.9444444444444444,0.1,adaptive,,feasible_start_adaptive_spacing,feasible_start_adaptive_spacing,True,45,14,feasible_start_adaptive_spacing,0.5,,True,auto_from_instance,0.75,0.35,"9,29,52","14,28",,,,,,"H[9,27,29,52]|V[14,19,21,28]",8f2926ac3d427dac9f2e22e7dbb4782d03fe71f9
proposed_nsga2_bs_Gyorgy-KOVACS_WH_Narrow_AW_4_seed_104,proposed_nsga2_bs,Gyorgy-KOVACS_WH_Narrow_AW_4,104,0,auto_from_instance,12,18,4,30,216,,,,,8,2,4,root > V:28 > BH:27 > BV:19 > BV:17,selected,1,inf,True,680,262,418,524.0,1.0,1.0,True,True,1,1,0,True,1,1,0,0,True,True,0,4,4,4,4,2,SS_PF_LS,sampled_pool,,,True,0.05555555555555555,0.1,0.9444444444444444,0.1,adaptive,,feasible_start_adaptive_spacing,feasible_start_adaptive_spacing,True,45,14,feasible_start_adaptive_spacing,0.5,,True,auto_from_instance,0.75,0.35,"9,29,52","14,28",,,,,,"H[9,27,29,52]|V[14,17,19,28]",c3a8d798cccc0ae6137f5d1801f12286f82d75a7
proposed_nsga2_bs_Gyorgy-KOVACS_WH_Narrow_AW_4_seed_104,proposed_nsga2_bs,Gyorgy-KOVACS_WH_Narrow_AW_4,104,0,auto_from_instance,12,18,4,30,216,,,,,9,3,5,root > H:3 > BH:27 > BH:49 > BH:15 > BH:39,evaluated,8,0.0,False,752,210,542,861.0,1.0,1.0,True,True,1,1,0,True,1,1,0,0,True,True,0,6,3,6,3,3,SS_LS_PF,sampled_pool,,,True,0.05555555555555555,0.1,0.9444444444444444,0.1,adaptive,,feasible_start_adaptive_spacing,feasible_start_adaptive_spacing,True,45,14,feasible_start_adaptive_spacing,0.5,,True,auto_from_instance,0.75,0.35,"3,15,30","9,15,19",,,,,,"H[3,15,27,30,39,49]|V[9,15,19]",f4295cb2238466c06f331973b173702f5d2bd0be
proposed_nsga2_bs_Gyorgy-KOVACS_WH_Narrow_AW_4_seed_104,proposed_nsga2_bs,Gyorgy-KOVACS_WH_Narrow_AW_4,104,0,auto_from_instance,12,18,4,30,216,,,,,10,3,5,root > H:3 > BH:27 > BH:49 > BH:15 > BH:37,evaluated,8,inf,False,752,210,542,861.0,1.0,1.0,True,True,1,1,0,True,1,1,0,0,True,True,0,6,3,6,3,3,SS_LS_PF,sampled_pool,,,True,0.05555555555555555,0.1,0.9444444444444444,0.1,adaptive,,feasible_start_adaptive_spacing,feasible_start_adaptive_spacing,True,45,14,feasible_start_adaptive_spacing,0.5,,True,auto_from_instance,0.75,0.35,"3,15,30","9,15,19",,,,,,"H[3,15,27,30,37,49]|V[9,15,19]",db644d70eadfc0765c9bb2b19563c4f1ad395662
proposed_nsga2_bs_Gyorgy-KOVACS_WH_Narrow_AW_4_seed_104,proposed_nsga2_bs,Gyorgy-KOVACS_WH_Narrow_AW_4,104,0,auto_from_instance,12,18,4,30,216,,,,,11,3,5,root > H:3 > BH:27 > BH:49 > BH:17 > BH:39,evaluated,9,0.0,False,752,210,542,903.0,1.0,1.0,True,True,1,1,0,True,1,1,0,0,True,True,0,7,3,7,3,3,SS_LS_PF,sampled_pool,,,True,0.05555555555555555,0.1,0.9444444444444444,0.1,adaptive,,feasible_start_adaptive_spacing,feasible_start_adaptive_spacing,True,45,14,feasible_start_adaptive_spacing,0.5,,True,auto_from_instance,0.75,0.35,"3,15,30","9,15,19",,,,,,"H[3,15,17,27,30,39,49]|V[9,15,19]",04efc766112da0761d4751d860375183e724537b
proposed_nsga2_bs_Gyorgy-KOVACS_WH_Narrow_AW_4_seed_104,proposed_nsga2_bs,Gyorgy-KOVACS_WH_Narrow_AW_4,104,0,auto_from_instance,12,18,4,30,216,,,,,12,3,5,root > H:3 > BH:27 > BH:49 > BH:17 > BH:37,evaluated,9,inf,False,752,210,542,903.0,1.0,1.0,True,True,1,1,0,True,1,1,0,0,True,True,0,7,3,7,3,3,SS_LS_PF,sampled_pool,,,True,0.05555555555555555,0.1,0.9444444444444444,0.1,adaptive,,feasible_start_adaptive_spacing,feasible_start_adaptive_spacing,True,45,14,feasible_start_adaptive_spacing,0.5,,True,auto_from_instance,0.75,0.35,"3,15,30","9,15,19",,,,,,"H[3,15,17,27,30,37,49]|V[9,15,19]",e8d88ef9d70df35ecd7b84bfa4d7ae31714b3683
proposed_nsga2_bs_Gyorgy-KOVACS_WH_Narrow_AW_4_seed_104,proposed_nsga2_bs,Gyorgy-KOVACS_WH_Narrow_AW_4,104,0,auto_from_instance,12,18,4,30,216,,,,,13,4,7,root > H:30 > BH:7 > BH:50 > BH:17 > BH:40 > BV:19 > BV:27,selected,6,inf,True,704,217,487,726.0,1.0,1.0,True,True,1,1,0,True,1,1,0,0,True,True,0,7,3,7,3,4,SS_PF_LS,sampled_pool,,,True,0.05555555555555555,0.1,0.9444444444444444,0.1,adaptive,,feasible_start_adaptive_spacing,feasible_start_adaptive_spacing,True,45,14,feasible_start_adaptive_spacing,0.5,,True,auto_from_instance,0.75,0.35,"9,30,45",16,,,,,,"H[7,9,17,30,40,45,50]|V[16,19,27]",23144c7ea669286e324877b0e8c4f574e2dfffa1
proposed_nsga2_bs_Gyorgy-KOVACS_WH_Narrow_AW_4_seed_104,proposed_nsga2_bs,Gyorgy-KOVACS_WH_Narrow_AW_4,104,0,auto_from_instance,12,18,4,30,216,,,,,14,4,7,root > H:30 > BH:7 > BH:50 > BH:17 > BH:40 > BV:17 > BV:27,evaluated,6,inf,False,704,217,487,726.0,1.0,1.0,True,True,1,1,0,True,1,1,0,0,True,True,0,7,3,7,3,4,SS_PF_LS,sampled_pool,,,True,0.05555555555555555,0.1,0.9444444444444444,0.1,adaptive,,feasible_start_adaptive_spacing,feasible_start_adaptive_spacing,True,45,14,feasible_start_adaptive_spacing,0.5,,True,auto_from_instance,0.75,0.35,"9,30,45",16,,,,,,"H[7,9,17,30,40,45,50]|V[16,17,27]",2220a1a9a933a7802c5f6db86e2e763d3b431c0e
proposed_nsga2_bs_Gyorgy-KOVACS_WH_Narrow_AW_4_seed_104,proposed_nsga2_bs,Gyorgy-KOVACS_WH_Narrow_AW_4,104,0,auto_from_instance,12,18,4,30,216,,,,,15,4,7,root > H:30 > BH:7 > BH:50 > BH:17 > BH:42 > BV:19 > BV:27,evaluated,7,inf,False,704,217,487,768.0,1.0,1.0,True,True,1,1,0,True,1,1,0,0,True,True,0,7,3,7,3,4,SS_PF_LS,sampled_pool,,,True,0.05555555555555555,0.1,0.9444444444444444,0.1,adaptive,,feasible_start_adaptive_spacing,feasible_start_adaptive_spacing,True,45,14,feasible_start_adaptive_spacing,0.5,,True,auto_from_instance,0.75,0.35,"9,30,45",16,,,,,,"H[7,9,17,30,42,45,50]|V[16,19,27]",ceb72c971fa2e96d02ddac0cfc6749973e014925
proposed_nsga2_bs_Gyorgy-KOVACS_WH_Narrow_AW_4_seed_104,proposed_nsga2_bs,Gyorgy-KOVACS_WH_Narrow_AW_4,104,0,auto_from_instance,12,18,4,30,216,,,,,16,4,7,root > H:30 > BH:7 > BH:50 > BH:17 > BH:42 > BV:17 > BV:27,evaluated,7,inf,False,704,217,487,768.0,1.0,1.0,True,True,1,1,0,True,1,1,0,0,True,True,0,7,3,7,3,4,SS_PF_LS,sampled_pool,,,True,0.05555555555555555,0.1,0.9444444444444444,0.1,adaptive,,feasible_start_adaptive_spacing,feasible_start_adaptive_spacing,True,45,14,feasible_start_adaptive_spacing,0.5,,True,auto_from_instance,0.75,0.35,"9,30,45",16,,,,,,"H[7,9,17,30,42,45,50]|V[16,17,27]",17b8d66e749b5c0b313b1b4789566e8bcf2a3029
proposed_nsga2_bs_Gyorgy-KOVACS_WH_Narrow_AW_4_seed_104,proposed_nsga2_bs,Gyorgy-KOVACS_WH_Narrow_AW_4,104,0,auto_from_instance,12,18,4,30,216,,,,,17,5,8,root > V:19 > BH:27 > BH:49 > BH:41 > BH:29 > BH:17 > BH:9 > BV:27,selected,3,inf,True,672,225,447,567.0,1.0,1.0,True,True,1,1,0,True,1,1,0,0,True,True,0,9,4,9,4,5,LS,sampled_pool,,,False,0.05555555555555555,0.1,0.9444444444444444,0.1,adaptive,,feasible_start_adaptive_spacing,feasible_start_adaptive_spacing,True,45,14,feasible_start_adaptive_spacing,0.5,,True,auto_from_instance,0.75,0.35,"12,30,48","19,21,29",,,,,,"H[9,12,17,27,29,30,41,48,49]|V[19,21,27,29]",9e0b0eb9409162b1e05dadbd09ec49006f3878d6
proposed_nsga2_bs_Gyorgy-KOVACS_WH_Narrow_AW_4_seed_104,proposed_nsga2_bs,Gyorgy-KOVACS_WH_Narrow_AW_4,104,0,auto_from_instance,12,18,4,30,216,,,,,18,5,8,root > V:19 > BH:27 > BH:49 > BH:39 > BH:29 > BH:17 > BH:9 > BV:27,selected,2,inf,True,672,225,447,545.0,1.0,1.0,True,True,1,1,0,True,1,1,0,0,True,True,0,9,4,9,4,5,LS,sampled_pool,,,False,0.05555555555555555,0.1,0.9444444444444444,0.1,adaptive,,feasible_start_adaptive_spacing,feasible_start_adaptive_spacing,True,45,14,feasible_start_adaptive_spacing,0.5,,True,auto_from_instance,0.75,0.35,"12,30,48","19,21,29",,,,,,"H[9,12,17,27,29,30,39,48,49]|V[19,21,27,29]",38ed06179feab7527070fae54bbde28203baf25b
proposed_nsga2_bs_Gyorgy-KOVACS_WH_Narrow_AW_4_seed_104,proposed_nsga2_bs,Gyorgy-KOVACS_WH_Narrow_AW_4,104,0,auto_from_instance,12,18,4,30,216,,,,,19,5,8,root > V:19 > BH:27 > BH:49 > BH:41 > BH:29 > BH:17 > BH:7 > BV:27,selected,5,inf,True,680,219,461,590.0,1.0,1.0,True,True,1,1,0,True,1,1,0,0,True,True,0,9,4,9,4,5,LS,sampled_pool,,,False,0.05555555555555555,0.1,0.9444444444444444,0.1,adaptive,,feasible_start_adaptive_spacing,feasible_start_adaptive_spacing,True,45,14,feasible_start_adaptive_spacing,0.5,,True,auto_from_instance,0.75,0.35,"12,30,48","19,21,29",,,,,,"H[7,12,17,27,29,30,41,48,49]|V[19,21,27,29]",6a4bebc41c8972fb17e34f5b3619713b07948536
proposed_nsga2_bs_Gyorgy-KOVACS_WH_Narrow_AW_4_seed_104,proposed_nsga2_bs,Gyorgy-KOVACS_WH_Narrow_AW_4,104,0,auto_from_instance,12,18,4,30,216,,,,,20,5,8,root > V:19 > BH:27 > BH:49 > BH:39 > BH:29 > BH:17 > BH:7 > BV:27,selected,4,inf,True,680,219,461,568.0,1.0,1.0,True,True,1,1,0,True,1,1,0,0,True,True,0,9,4,9,4,5,LS,sampled_pool,,,False,0.05555555555555555,0.1,0.9444444444444444,0.1,adaptive,,feasible_start_adaptive_spacing,feasible_start_adaptive_spacing,True,45,14,feasible_start_adaptive_spacing,0.5,,True,auto_from_instance,0.75,0.35,"12,30,48","19,21,29",,,,,,"H[7,12,17,27,29,30,39,48,49]|V[19,21,27,29]",e804ee8e40d619c35bd933154a145af1f8bb0e46
proposed_nsga2_bs_Gyorgy-KOVACS_WH_Narrow_AW_4_seed_104,proposed_nsga2_bs,Gyorgy-KOVACS_WH_Narrow_AW_4,104,0,auto_from_instance,12,18,4,30,216,,,,,21,8,7,root > V:21 > BH:27 > BH:49 > BH:39 > BH:27 > BH:15 > BH:5,evaluated,9,inf,False,736,192,544,864.0,1.0,1.0,True,True,1,1,0,True,1,1,0,0,True,True,0,8,2,8,2,8,RP_LS,sampled_pool,,,False,0.05555555555555555,0.1,0.9444444444444444,0.1,adaptive,,feasible_start_adaptive_spacing,feasible_start_adaptive_spacing,True,45,14,feasible_start_adaptive_spacing,0.5,,True,auto_from_instance,0.75,0.35,"18,36,53","17,21",,,,,,"H[5,15,18,27,36,39,49,53]|V[17,21]",358d97cec9c1dd51e5ceb290153a7a054a951743
proposed_nsga2_bs_Gyorgy-KOVACS_WH_Narrow_AW_4_seed_104,proposed_nsga2_bs,Gyorgy-KOVACS_WH_Narrow_AW_4,104,0,auto_from_instance,12,18,4,30,216,,,,,22,8,7,root > V:21 > BH:27 > BH:5 > BH:17 > BH:29 > BH:41 > BH:53,evaluated,10,inf,False,736,183,553,873.0,1.0,1.0,True,True,1,1,0,True,1,1,0,0,True,True,0,8,2,8,2,8,RP_LS,sampled_pool,,,False,0.05555555555555555,0.1,0.9444444444444444,0.1,adaptive,,feasible_start_adaptive_spacing,feasible_start_adaptive_spacing,True,45,14,feasible_start_adaptive_spacing,0.5,,True,auto_from_instance,0.75,0.35,"18,36,53","17,21",,,,,,"H[5,17,18,27,29,36,41,53]|V[17,21]",d399873411abb3da022c68c5f2cc9d5953e8af18
proposed_nsga2_bs_Gyorgy-KOVACS_WH_Narrow_AW_4_seed_104,proposed_nsga2_bs,Gyorgy-KOVACS_WH_Narrow_AW_4,104,0,auto_from_instance,12,18,4,30,216,,,,,23,8,7,root > V:21 > BH:27 > BH:5 > BH:17 > BH:29 > BH:41 > BH:49,evaluated,10,inf,False,736,192,544,882.0,1.0,1.0,True,True,1,1,0,True,1,1,0,0,True,True,0,9,2,9,2,8,RP_LS,sampled_pool,,,False,0.05555555555555555,0.1,0.9444444444444444,0.1,adaptive,,feasible_start_adaptive_spacing,feasible_start_adaptive_spacing,True,45,14,feasible_start_adaptive_spacing,0.5,,True,auto_from_instance,0.75,0.35,"18,36,53","17,21",,,,,,"H[5,17,18,27,29,36,41,49,53]|V[17,21]",505c1342b435c8602ef114e7a954d322db0969f8
proposed_nsga2_bs_Gyorgy-KOVACS_WH_Narrow_AW_4_seed_104,proposed_nsga2_bs,Gyorgy-KOVACS_WH_Narrow_AW_4,104,0,auto_from_instance,12,18,4,30,216,,,,,24,8,7,root > V:21 > BH:27 > BH:49 > BH:37 > BH:25 > BH:13 > BH:5,evaluated,10,inf,False,736,192,544,882.0,1.0,1.0,True,True,1,1,0,True,1,1,0,0,True,True,0,9,2,9,2,8,RP_LS,sampled_pool,,,False,0.05555555555555555,0.1,0.9444444444444444,0.1,adaptive,,feasible_start_adaptive_spacing,feasible_start_adaptive_spacing,True,45,14,feasible_start_adaptive_spacing,0.5,,True,auto_from_instance,0.75,0.35,"18,36,53","17,21",,,,,,"H[5,13,18,25,27,36,37,49,53]|V[17,21]",b505db3b665156843c976d98ce3a07d032707b26
proposed_nsga2_bs_Gyorgy-KOVACS_WH_Narrow_AW_4_seed_104,proposed_nsga2_bs,Gyorgy-KOVACS_WH_Narrow_AW_4,104,0,auto_from_instance,12,18,4,30,216,,,,,25,9,9,root > V:15 > BH:27 > BH:5 > BH:15 > BH:25 > BH:37 > BH:47 > BV:23 > BV:30,selected,0,inf,True,592,261,331,462.0,1.0,1.0,True,True,1,1,0,True,1,1,0,0,True,True,0,8,5,8,5,9,LS_SS,sampled_pool,,,True,0.05555555555555555,0.1,0.9444444444444444,0.1,adaptive,,feasible_start_adaptive_spacing,feasible_start_adaptive_spacing,True,45,14,feasible_start_adaptive_spacing,0.5,,True,auto_from_instance,0.75,0.35,"18,27,50","15,20,22",,,,,,"H[5,15,18,25,27,37,47,50]|V[15,20,22,23,30]",9ee2190bb5e677e5dd6004d3c767bf39ff3449fb
proposed_nsga2_bs_Gyorgy-KOVACS_WH_Narrow_AW_4_seed_104,proposed_nsga2_bs,Gyorgy-KOVACS_WH_Narrow_AW_4,104,0,auto_from_instance,12,18,4,30,216,,,,,26,9,9,root > V:15 > BH:27 > BH:49 > BH:39 > BH:29 > BH:17 > BH:7 > BV:23 > BV:30,selected,0,inf,True,592,261,331,462.0,1.0,1.0,True,True,1,1,0,True,1,1,0,0,True,True,0,8,5,8,5,9,LS_SS,sampled_pool,,,True,0.05555555555555555,0.1,0.9444444444444444,0.1,adaptive,,feasible_start_adaptive_spacing,feasible_start_adaptive_spacing,True,45,14,feasible_start_adaptive_spacing,0.5,,True,auto_from_instance,0.75,0.35,"18,27,50","15,20,22",,,,,,"H[7,17,18,27,29,39,49,50]|V[15,20,22,23,30]",eef866e48d563b788dc6683537da31dffdbde584
proposed_nsga2_bs_Gyorgy-KOVACS_WH_Narrow_AW_4_seed_104,proposed_nsga2_bs,Gyorgy-KOVACS_WH_Narrow_AW_4,104,0,auto_from_instance,12,18,4,30,216,,,,,27,10,8,root > V:19 > BH:27 > BH:5 > BH:15 > BH:25 > BH:37 > BH:47 > BV:27,selected,4,inf,True,680,219,461,568.0,1.0,1.0,True,True,1,1,0,True,1,1,0,0,True,True,0,8,4,8,4,10,PF_LS_RP,sampled_pool,,,False,0.05555555555555555,0.1,0.9444444444444444,0.1,adaptive,,feasible_start_adaptive_spacing,feasible_start_adaptive_spacing,True,45,14,feasible_start_adaptive_spacing,0.5,,True,auto_from_instance,0.75,0.35,"18,27,53","14,19,29",,,,,,"H[5,15,18,25,27,37,47,53]|V[14,19,27,29]",765044c2001aa13b89dcc3ab94cee7150e6707b9
proposed_nsga2_bs_Gyorgy-KOVACS_WH_Narrow_AW_4_seed_104,proposed_nsga2_bs,Gyorgy-KOVACS_WH_Narrow_AW_4,104,0,auto_from_instance,12,18,4,30,216,,,,,28,12,4,root > V:30 > BH:27 > BV:21 > BV:21,evaluated,6,inf,False,672,206,466,676.0,1.0,1.0,True,True,1,1,0,True,1,1,0,0,True,True,0,3,3,3,3,12,LS_RP,sampled_pool,,,False,0.05555555555555555,0.1,0.9444444444444444,0.1,adaptive,,feasible_start_adaptive_spacing,feasible_start_adaptive_spacing,True,45,14,feasible_start_adaptive_spacing,0.5,,True,auto_from_instance,0.75,0.35,"27,43,51","16,21,30",,,,,,"H[27,43,51]|V[16,21,30]",5dff680449ea54ef73abf8585de0c2ba440a4835
proposed_nsga2_bs_Gyorgy-KOVACS_WH_Narrow_AW_4_seed_104,proposed_nsga2_bs,Gyorgy-KOVACS_WH_Narrow_AW_4,104,0,auto_from_instance,12,18,4,30,216,,,,,29,12,4,root > V:30 > BH:27 > BV:19 > BV:21,evaluated,6,0.0,False,672,206,466,676.0,1.0,1.0,True,True,1,1,0,True,1,1,0,0,True,True,0,3,4,3,4,12,LS_RP,sampled_pool,,,False,0.05555555555555555,0.1,0.9444444444444444,0.1,adaptive,,feasible_start_adaptive_spacing,feasible_start_adaptive_spacing,True,45,14,feasible_start_adaptive_spacing,0.5,,True,auto_from_instance,0.75,0.35,"27,43,51","16,21,30",,,,,,"H[27,43,51]|V[16,19,21,30]",8bd280773c3be24cfc914a42e887aea361f9570c
proposed_nsga2_bs_Gyorgy-KOVACS_WH_Narrow_AW_4_seed_104,proposed_nsga2_bs,Gyorgy-KOVACS_WH_Narrow_AW_4,104,0,auto_from_instance,12,18,4,30,216,,,,,30,12,4,root > V:30 > BH:27 > BV:21 > BV:19,evaluated,6,0.0,False,672,206,466,676.0,1.0,1.0,True,True,1,1,0,True,1,1,0,0,True,True,0,3,4,3,4,12,LS_RP,sampled_pool,,,False,0.05555555555555555,0.1,0.9444444444444444,0.1,adaptive,,feasible_start_adaptive_spacing,feasible_start_adaptive_spacing,True,45,14,feasible_start_adaptive_spacing,0.5,,True,auto_from_instance,0.75,0.35,"27,43,51","16,21,30",,,,,,"H[27,43,51]|V[16,19,21,30]",0ed2b993601a455ad3c48ac7828910fea4b1be83
proposed_nsga2_bs_Gyorgy-KOVACS_WH_Narrow_AW_4_seed_104,proposed_nsga2_bs,Gyorgy-KOVACS_WH_Narrow_AW_4,104,0,auto_from_instance,12,18,4,30,216,,,,,31,12,4,root > V:30 > BH:27 > BV:19 > BV:19,evaluated,6,inf,False,672,206,466,676.0,1.0,1.0,True,True,1,1,0,True,1,1,0,0,True,True,0,3,4,3,4,12,LS_RP,sampled_pool,,,False,0.05555555555555555,0.1,0.9444444444444444,0.1,adaptive,,feasible_start_adaptive_spacing,feasible_start_adaptive_spacing,True,45,14,feasible_start_adaptive_spacing,0.5,,True,auto_from_instance,0.75,0.35,"27,43,51","16,21,30",,,,,,"H[27,43,51]|V[16,19,21,30]",1d86290022dd5e2c97367644c31a54117380bf1c
proposed_nsga2_bs_Gyorgy-KOVACS_WH_Narrow_AW_4_seed_104,proposed_nsga2_bs,Gyorgy-KOVACS_WH_Narrow_AW_4,104,1,auto_from_instance,12,18,4,30,216,,,,,1,1,8,root > V:19 > BH:27 > BH:5 > BH:15 > BH:25 > BH:37 > BH:47 > BV:27,evaluated,4,inf,False,680,219,461,568.0,1.0,1.0,True,True,1,1,0,True,1,1,0,0,True,True,0,13,6,13,6,1,PF_SS,sampled_pool,,,True,0.1111111111111111,0.12484457045180107,0.8888888888888888,0.1,adaptive,swap_segments,offspring,feasible_start_adaptive_spacing,,,,feasible_start_adaptive_spacing,0.5,,True,auto_from_instance,0.75,0.35,"9,12,17,27,29,41,48,49","9,11,14,19,21",,,,,,"H[5,9,12,15,17,25,27,29,37,41,47,48,49]|V[9,11,14,19,21,27]",765044c2001aa13b89dcc3ab94cee7150e6707b9
proposed_nsga2_bs_Gyorgy-KOVACS_WH_Narrow_AW_4_seed_104,proposed_nsga2_bs,Gyorgy-KOVACS_WH_Narrow_AW_4,104,1,auto_from_instance,12,18,4,30,216,,,,,2,1,8,root > V:19 > BH:27 > BH:49 > BH:39 > BH:29 > BH:17 > BH:7 > BV:27,evaluated,4,inf,False,680,219,461,568.0,1.0,1.0,True,True,1,1,0,True,1,1,0,0,True,True,0,10,6,10,6,1,PF_SS,sampled_pool,,,True,0.1111111111111111,0.12484457045180107,0.8888888888888888,0.1,adaptive,swap_segments,offspring,feasible_start_adaptive_spacing,,,,feasible_start_adaptive_spacing,0.5,,True,auto_from_instance,0.75,0.35,"9,12,17,27,29,41,48,49","9,11,14,19,21",,,,,,"H[7,9,12,17,27,29,39,41,48,49]|V[9,11,14,19,21,27]",e804ee8e40d619c35bd933154a145af1f8bb0e46
proposed_nsga2_bs_Gyorgy-KOVACS_WH_Narrow_AW_4_seed_104,proposed_nsga2_bs,Gyorgy-KOVACS_WH_Narrow_AW_4,104,1,auto_from_instance,12,18,4,30,216,,,,,3,2,4,root > V:28 > BH:27 > BV:19 > BV:19,selected,0,inf,True,680,262,418,472.0,1.0,1.0,True,True,1,1,0,True,1,1,0,0,True,True,0,6,3,6,3,2,SS_PF_LS,sampled_pool,,,True,0.1111111111111111,0.12950686187412774,0.8888888888888888,0.1,adaptive,bit_flip,offspring,feasible_start_adaptive_spacing,,,,feasible_start_adaptive_spacing,0.5,,True,auto_from_instance,0.75,0.35,"9,27,29,30,31,52","19,21,28",,,,,,"H[9,27,29,30,31,52]|V[19,21,28]",fc4825140fa5e2560776b4b932f5ef46c1588f36
proposed_nsga2_bs_Gyorgy-KOVACS_WH_Narrow_AW_4_seed_104,proposed_nsga2_bs,Gyorgy-KOVACS_WH_Narrow_AW_4,104,1,auto_from_instance,12,18,4,30,216,,,,,4,2,4,root > V:28 > BH:27 > BV:19 > BV:21,selected,1,inf,True,680,262,418,524.0,1.0,1.0,True,True,1,1,0,True,1,1,0,0,True,True,0,6,3,6,3,2,SS_PF_LS,sampled_pool,,,True,0.1111111111111111,0.12950686187412774,0.8888888888888888,0.1,adaptive,bit_flip,offspring,feasible_start_adaptive_spacing,,,,feasible_start_adaptive_spacing,0.5,,True,auto_from_instance,0.75,0.35,"9,27,29,30,31,52","19,21,28",,,,,,"H[9,27,29,30,31,52]|V[19,21,28]",334779b46d5c288ee3031362a71af20db7b63dd5
proposed_nsga2_bs_Gyorgy-KOVACS_WH_Narrow_AW_4_seed_104,proposed_nsga2_bs,Gyorgy-KOVACS_WH_Narrow_AW_4,104,1,auto_from_instance,12,18,4,30,216,,,,,5,2,4,root > V:28 > BH:27 > BV:19 > BV:21,selected,1,0.0,True,680,262,418,524.0,1.0,1.0,True,True,1,1,0,True,1,1,0,0,True,True,0,6,3,6,3,2,SS_PF_LS,sampled_pool,,,True,0.1111111111111111,0.12950686187412774,0.8888888888888888,0.1,adaptive,bit_flip,offspring,feasible_start_adaptive_spacing,,,,feasible_start_adaptive_spacing,0.5,,True,auto_from_instance,0.75,0.35,"9,27,29,30,31,52","19,21,28",,,,,,"H[9,27,29,30,31,52]|V[19,21,28]",8f2926ac3d427dac9f2e22e7dbb4782d03fe71f9
proposed_nsga2_bs_Gyorgy-KOVACS_WH_Narrow_AW_4_seed_104,proposed_nsga2_bs,Gyorgy-KOVACS_WH_Narrow_AW_4,104,1,auto_from_instance,12,18,4,30,216,,,,,6,2,4,root > V:28 > BH:27 > BV:19 > BV:17,selected,1,inf,True,680,262,418,524.0,1.0,1.0,True,True,1,1,0,True,1,1,0,0,True,True,0,6,4,6,4,2,SS_PF_LS,sampled_pool,,,True,0.1111111111111111,0.12950686187412774,0.8888888888888888,0.1,adaptive,bit_flip,offspring,feasible_start_adaptive_spacing,,,,feasible_start_adaptive_spacing,0.5,,True,auto_from_instance,0.75,0.35,"9,27,29,30,31,52","19,21,28",,,,,,"H[9,27,29,30,31,52]|V[17,19,21,28]",c3a8d798cccc0ae6137f5d1801f12286f82d75a7
proposed_nsga2_bs_Gyorgy-KOVACS_WH_Narrow_AW_4_seed_104,proposed_nsga2_bs,Gyorgy-KOVACS_WH_Narrow_AW_4,104,1,auto_from_instance,12,18,4,30,216,,,,,7,3,5,root > H:5 > BH:29 > BH:49 > BH:17 > BH:39,evaluated,6,inf,False,752,210,542,924.0,1.0,1.0,True,True,1,1,0,True,1,1,0,0,True,True,0,11,4,11,4,3,SS_PF_LS,sampled_pool,,,True,0.1111111111111111,0.1,0.8888888888888888,0.1,adaptive,insert_random_aisle,offspring,feasible_start_adaptive_spacing,,,,feasible_start_adaptive_spacing,0.5,,True,auto_from_instance,0.75,0.35,"5,15,18,27,37,47,53","14,19,29,34",,,,,,"H[5,15,17,18,27,29,37,39,47,49,53]|V[14,19,29,34]",b23f401a8f73d9f094b10463b85372cccedef219
proposed_nsga2_bs_Gyorgy-KOVACS_WH_Narrow_AW_4_seed_104,proposed_nsga2_bs,Gyorgy-KOVACS_WH_Narrow_AW_4,104,1,auto_from_instance,12,18,4,30,216,,,,,8,3,5,root > H:5 > BH:29 > BH:49 > BH:17 > BH:41,evaluated,7,inf,False,752,210,542,966.0,1.0,1.0,True,True,1,1,0,True,1,1,0,0,True,True,0,11,4,11,4,3,SS_PF_LS,sampled_pool,,,True,0.1111111111111111,0.1,0.8888888888888888,0.1,adaptive,insert_random_aisle,offspring,feasible_start_adaptive_spacing,,,,feasible_start_adaptive_spacing,0.5,,True,auto_from_instance,0.75,0.35,"5,15,18,27,37,47,53","14,19,29,34",,,,,,"H[5,15,17,18,27,29,37,41,47,49,53]|V[14,19,29,34]",14a278fdbe2c9cf29feb81ceea7658db48f586a4
proposed_nsga2_bs_Gyorgy-KOVACS_WH_Narrow_AW_4_seed_104,proposed_nsga2_bs,Gyorgy-KOVACS_WH_Narrow_AW_4,104,1,auto_from_instance,12,18,4,30,216,,,,,9,3,5,root > H:5 > BH:29 > BH:49 > BH:17 > BH:37,evaluated,7,0.0,False,752,210,542,966.0,1.0,1.0,True,True,1,1,0,True,1,1,0,0,True,True,0,10,4,10,4,3,SS_PF_LS,sampled_pool,,,True,0.1111111111111111,0.1,0.8888888888888888,0.1,adaptive,insert_random_aisle,offspring,feasible_start_adaptive_spacing,,,,feasible_start_adaptive_spacing,0.5,,True,auto_from_instance,0.75,0.35,"5,15,18,27,37,47,53","14,19,29,34",,,,,,"H[5,15,17,18,27,29,37,47,49,53]|V[14,19,29,34]",6ef7b4ef13b69ca41b30044651f131935cd28d83
proposed_nsga2_bs_Gyorgy-KOVACS_WH_Narrow_AW_4_seed_104,proposed_nsga2_bs,Gyorgy-KOVACS_WH_Narrow_AW_4,104,1,auto_from_instance,12,18,4,30,216,,,,,10,3,5,root > H:5 > BH:29 > BH:49 > BH:15 > BH:39,evaluated,7,inf,False,752,210,542,966.0,1.0,1.0,True,True,1,1,0,True,1,1,0,0,True,True,0,10,4,10,4,3,SS_PF_LS,sampled_pool,,,True,0.1111111111111111,0.1,0.8888888888888888,0.1,adaptive,insert_random_aisle,offspring,feasible_start_adaptive_spacing,,,,feasible_start_adaptive_spacing,0.5,,True,auto_from_instance,0.75,0.35,"5,15,18,27,37,47,53","14,19,29,34",,,,,,"H[5,15,18,27,29,37,39,47,49,53]|V[14,19,29,34]",7b0ab57b6c9d99fcc5636e575d7322d6d4e86796
proposed_nsga2_bs_Gyorgy-KOVACS_WH_Narrow_AW_4_seed_104,proposed_nsga2_bs,Gyorgy-KOVACS_WH_Narrow_AW_4,104,1,auto_from_instance,12,18,4,30,216,,,,,11,4,4,root > V:27 > BH:27 > BV:19 > BV:19,selected,1,inf,True,684,260,424,484.0,1.0,1.0,True,True,1,1,0,True,1,1,0,0,True,True,0,8,7,8,7,4,SS_PF_LS,sampled_pool,,,True,0.1111111111111111,0.1,0.8888888888888888,0.1,adaptive,remove_random_aisle,offspring,feasible_start_adaptive_spacing,,,,feasible_start_adaptive_spacing,0.5,,True,auto_from_instance,0.75,0.35,"7,17,25,27,29,39,49,50","15,20,22,23,27,30",,,,,,"H[7,17,25,27,29,39,49,50]|V[15,19,20,22,23,27,30]",9baad5a6d6d08df213ec54891109e23b1069a9a5
proposed_nsga2_bs_Gyorgy-KOVACS_WH_Narrow_AW_4_seed_104,proposed_nsga2_bs,Gyorgy-KOVACS_WH_Narrow_AW_4,104,1,auto_from_instance,12,18,4,30,216,,,,,12,4,4,root > V:27 > BH:27 > BV:17 > BV:19,selected,1,0.0,True,684,260,424,484.0,1.0,1.0,True,True,1,1,0,True,1,1,0,0,True,True,0,8,8,8,8,4,SS_PF_LS,sampled_pool,,,True,0.1111111111111111,0.1,0.8888888888888888,0.1,adaptive,remove_random_aisle,offspring,feasible_start_adaptive_spacing,,,,feasible_start_adaptive_spacing,0.5,,True,auto_from_instance,0.75,0.35,"7,17,25,27,29,39,49,50","15,20,22,23,27,30",,,,,,"H[7,17,25,27,29,39,49,50]|V[15,17,19,20,22,23,27,30]",7ea492661f4a7d780540a41c5bfc758906148e19
proposed_nsga2_bs_Gyorgy-KOVACS_WH_Narrow_AW_4_seed_104,proposed_nsga2_bs,Gyorgy-KOVACS_WH_Narrow_AW_4,104,1,auto_from_instance,12,18,4,30,216,,,,,13,4,4,root > V:27 > BH:27 > BV:19 > BV:17,selected,1,0.0,True,684,260,424,484.0,1.0,1.0,True,True,1,1,0,True,1,1,0,0,True,True,0,8,8,8,8,4,SS_PF_LS,sampled_pool,,,True,0.1111111111111111,0.1,0.8888888888888888,0.1,adaptive,remove_random_aisle,offspring,feasible_start_adaptive_spacing,,,,feasible_start_adaptive_spacing,0.5,,True,auto_from_instance,0.75,0.35,"7,17,25,27,29,39,49,50","15,20,22,23,27,30",,,,,,"H[7,17,25,27,29,39,49,50]|V[15,17,19,20,22,23,27,30]",59c55a28d53f47701301421f850890ad1de7d63b
proposed_nsga2_bs_Gyorgy-KOVACS_WH_Narrow_AW_4_seed_104,proposed_nsga2_bs,Gyorgy-KOVACS_WH_Narrow_AW_4,104,1,auto_from_instance,12,18,4,30,216,,,,,14,4,4,root > V:27 > BH:27 > BV:17 > BV:17,selected,1,inf,True,684,260,424,484.0,1.0,1.0,True,True,1,1,0,True,1,1,0,0,True,True,0,8,7,8,7,4,SS_PF_LS,sampled_pool,,,True,0.1111111111111111,0.1,0.8888888888888888,0.1,adaptive,remove_random_aisle,offspring,feasible_start_adaptive_spacing,,,,feasible_start_adaptive_spacing,0.5,,True,auto_from_instance,0.75,0.35,"7,17,25,27,29,39,49,50","15,20,22,23,27,30",,,,,,"H[7,17,25,27,29,39,49,50]|V[15,17,20,22,23,27,30]",6732d5258a9313035bead181283e041def90bbb2
proposed_nsga2_bs_Gyorgy-KOVACS_WH_Narrow_AW_4_seed_104,proposed_nsga2_bs,Gyorgy-KOVACS_WH_Narrow_AW_4,104,1,auto_from_instance,12,18,4,30,216,,,,,15,5,7,root > H:9 > BH:29 > BH:49 > BH:39 > BH:17 > BV:19 > BV:27,selected,3,inf,True,688,229,459,639.0,1.0,1.0,True,True,1,1,0,True,1,1,0,0,True,True,0,7,6,7,6,5,RP,sampled_pool,,,False,0.1111111111111111,0.14083459952239064,0.8888888888888888,0.1,adaptive,spacing_aware_flip,offspring,feasible_start_adaptive_spacing,,,,feasible_start_adaptive_spacing,0.5,,True,auto_from_instance,0.75,0.35,"9,17,27,29,52","14,20,22,23",,,,,,"H[9,17,27,29,39,49,52]|V[14,19,20,22,23,27]",658efa7c7d1393b207418104911d3ddbb956c3d6
proposed_nsga2_bs_Gyorgy-KOVACS_WH_Narrow_AW_4_seed_104,proposed_nsga2_bs,Gyorgy-KOVACS_WH_Narrow_AW_4,104,1,auto_from_instance,12,18,4,30,216,,,,,16,9,4,root > V:28 > BH:27 > BV:21 > BV:21,selected,2,inf,True,680,262,418,576.0,1.0,1.0,True,True,1,1,0,True,1,1,0,0,True,True,0,4,5,4,5,9,PF,sampled_pool,,,False,0.1111111111111111,0.1,0.8888888888888888,0.1,adaptive,insert_random_aisle,offspring,feasible_start_adaptive_spacing,,,,feasible_start_adaptive_spacing,0.5,,True,auto_from_instance,0.75,0.35,"9,27,29,52","2,14,19,21,28",,,,,,"H[9,27,29,52]|V[2,14,19,21,28]",67a6f4f8f954f77d80a9f7aeff15d9041dc361bd
proposed_nsga2_bs_Gyorgy-KOVACS_WH_Narrow_AW_4_seed_104,proposed_nsga2_bs,Gyorgy-KOVACS_WH_Narrow_AW_4,104,1,auto_from_instance,12,18,4,30,216,,,,,17,9,4,root > V:28 > BH:27 > BV:17 > BV:21,selected,2,inf,True,680,262,418,576.0,1.0,1.0,True,True,1,1,0,True,1,1,0,0,True,True,0,4,6,4,6,9,PF,sampled_pool,,,False,0.1111111111111111,0.1,0.8888888888888888,0.1,adaptive,insert_random_aisle,offspring,feasible_start_adaptive_spacing,,,,feasible_start_adaptive_spacing,0.5,,True,auto_from_instance,0.75,0.35,"9,27,29,52","2,14,19,21,28",,,,,,"H[9,27,29,52]|V[2,14,17,19,21,28]",0cf129bcce89e5f8a26de7d155210a53886c00dc
proposed_nsga2_bs_Gyorgy-KOVACS_WH_Narrow_AW_4_seed_104,proposed_nsga2_bs,Gyorgy-KOVACS_WH_Narrow_AW_4,104,1,auto_from_instance,12,18,4,30,216,,,,,18,12,8,root > V:19 > BH:27 > BH:49 > BH:41 > BH:29 > BH:17 > BH:9 > BV:27,evaluated,3,inf,False,672,225,447,567.0,1.0,1.0,True,True,1,1,0,True,1,1,0,0,True,True,0,9,5,9,5,12,PF,sampled_pool,,,False,0.1111111111111111,0.1,0.8888888888888888,0.1,adaptive,break_symmetry,offspring,feasible_start_adaptive_spacing,,,,feasible_start_adaptive_spacing,0.5,,True,auto_from_instance,0.75,0.35,"7,17,18,27,29,52","14,19,20,30",,,,,,"H[7,9,17,18,27,29,41,49,52]|V[14,19,20,27,30]",9e0b0eb9409162b1e05dadbd09ec49006f3878d6
proposed_nsga2_bs_Gyorgy-KOVACS_WH_Narrow_AW_4_seed_104,proposed_nsga2_bs,Gyorgy-KOVACS_WH_Narrow_AW_4,104,1,auto_from_instance,12,18,4,30,216,,,,,19,12,8,root > V:19 > BH:27 > BH:49 > BH:39 > BH:29 > BH:17 > BH:9 > BV:27,selected,2,inf,True,672,225,447,545.0,1.0,1.0,True,True,1,1,0,True,1,1,0,0,True,True,0,9,5,9,5,12,PF,sampled_pool,,,False,0.1111111111111111,0.1,0.8888888888888888,0.1,adaptive,break_symmetry,offspring,feasible_start_adaptive_spacing,,,,feasible_start_adaptive_spacing,0.5,,True,auto_from_instance,0.75,0.35,"7,17,18,27,29,52","14,19,20,30",,,,,,"H[7,9,17,18,27,29,39,49,52]|V[14,19,20,27,30]",38ed06179feab7527070fae54bbde28203baf25b
proposed_nsga2_bs_Gyorgy-KOVACS_WH_Narrow_AW_4_seed_104,proposed_nsga2_bs,Gyorgy-KOVACS_WH_Narrow_AW_4,104,1,auto_from_instance,12,18,4,30,216,,,,,20,12,8,root > V:19 > BH:27 > BH:49 > BH:41 > BH:29 > BH:17 > BH:7 > BV:27,evaluated,5,inf,False,680,219,461,590.0,1.0,1.0,True,True,1,1,0,True,1,1,0,0,True,True,0,8,5,8,5,12,PF,sampled_pool,,,False,0.1111111111111111,0.1,0.8888888888888888,0.1,adaptive,break_symmetry,offspring,feasible_start_adaptive_spacing,,,,feasible_start_adaptive_spacing,0.5,,True,auto_from_instance,0.75,0.35,"7,17,18,27,29,52","14,19,20,30",,,,,,"H[7,17,18,27,29,41,49,52]|V[14,19,20,27,30]",6a4bebc41c8972fb17e34f5b3619713b07948536
proposed_nsga2_bs_Gyorgy-KOVACS_WH_Narrow_AW_4_seed_104,proposed_nsga2_bs,Gyorgy-KOVACS_WH_Narrow_AW_4,104,2,auto_from_instance,12,18,4,30,216,,,,,1,1,4,root > V:27 > BH:27 > BV:19 > BV:19,selected,1,inf,True,684,260,424,484.0,1.0,1.0,True,True,1,1,0,True,1,1,0,0,True,True,0,5,7,5,7,1,RP_LS,sampled_pool,,,False,0.16666666666666666,0.16599087826164688,0.8333333333333334,0.1,adaptive,remove_random_aisle,offspring,feasible_start_adaptive_spacing,,,,feasible_start_adaptive_spacing,0.5,,True,auto_from_instance,0.75,0.35,"9,27,29,49,50","15,19,20,22,23,27,30",,,,,,"H[9,27,29,49,50]|V[15,19,20,22,23,27,30]",9baad5a6d6d08df213ec54891109e23b1069a9a5
proposed_nsga2_bs_Gyorgy-KOVACS_WH_Narrow_AW_4_seed_104,proposed_nsga2_bs,Gyorgy-KOVACS_WH_Narrow_AW_4,104,2,auto_from_instance,12,18,4,30,216,,,,,2,1,4,root > V:27 > BH:27 > BV:17 > BV:19,selected,1,0.0,True,684,260,424,484.0,1.0,1.0,True,True,1,1,0,True,1,1,0,0,True,True,0,5,8,5,8,1,RP_LS,sampled_pool,,,False,0.16666666666666666,0.16599087826164688,0.8333333333333334,0.1,adaptive,remove_random_aisle,offspring,feasible_start_adaptive_spacing,,,,feasible_start_adaptive_spacing,0.5,,True,auto_from_instance,0.75,0.35,"9,27,29,49,50","15,19,20,22,23,27,30",,,,,,"H[9,27,29,49,50]|V[15,17,19,20,22,23,27,30]",7ea492661f4a7d780540a41c5bfc758906148e19
proposed_nsga2_bs_Gyorgy-KOVACS_WH_Narrow_AW_4_seed_104,proposed_nsga2_bs,Gyorgy-KOVACS_WH_Narrow_AW_4,104,2,auto_from_instance,12,18,4,30,216,,,,,3,1,4,root > V:27 > BH:27 > BV:19 > BV:17,selected,1,0.0,True,684,260,424,484.0,1.0,1.0,True,True,1,1,0,True,1,1,0,0,True,True,0,5,8,5,8,1,RP_LS,sampled_pool,,,False,0.16666666666666666,0.16599087826164688,0.8333333333333334,0.1,adaptive,remove_random_aisle,offspring,feasible_start_adaptive_spacing,,,,feasible_start_adaptive_spacing,0.5,,True,auto_from_instance,0.75,0.35,"9,27,29,49,50","15,19,20,22,23,27,30",,,,,,"H[9,27,29,49,50]|V[15,17,19,20,22,23,27,30]",59c55a28d53f47701301421f850890ad1de7d63b
proposed_nsga2_bs_Gyorgy-KOVACS_WH_Narrow_AW_4_seed_104,proposed_nsga2_bs,Gyorgy-KOVACS_WH_Narrow_AW_4,104,2,auto_from_instance,12,18,4,30,216,,,,,4,1,4,root > V:27 > BH:27 > BV:17 > BV:17,selected,1,inf,True,684,260,424,484.0,1.0,1.0,True,True,1,1,0,True,1,1,0,0,True,True,0,5,8,5,8,1,RP_LS,sampled_pool,,,False,0.16666666666666666,0.16599087826164688,0.8333333333333334,0.1,adaptive,remove_random_aisle,offspring,feasible_start_adaptive_spacing,,,,feasible_start_adaptive_spacing,0.5,,True,auto_from_instance,0.75,0.35,"9,27,29,49,50","15,19,20,22,23,27,30",,,,,,"H[9,27,29,49,50]|V[15,17,19,20,22,23,27,30]",6732d5258a9313035bead181283e041def90bbb2
proposed_nsga2_bs_Gyorgy-KOVACS_WH_Narrow_AW_4_seed_104,proposed_nsga2_bs,Gyorgy-KOVACS_WH_Narrow_AW_4,104,2,auto_from_instance,12,18,4,30,216,,,,,5,2,4,root > V:28 > BH:27 > BV:19 > BV:19,selected,0,inf,True,680,262,418,472.0,1.0,1.0,True,True,1,1,0,True,1,1,0,0,True,True,0,8,4,8,4,2,PF_LS_RP,sampled_pool,,,False,0.16666666666666666,0.12135879145697626,0.8333333333333334,0.1,adaptive,break_symmetry,offspring,feasible_start_adaptive_spacing,,,,feasible_start_adaptive_spacing,0.5,,True,auto_from_instance,0.75,0.35,"7,17,25,27,29,30,31,52","16,19,21,28",,,,,,"H[7,17,25,27,29,30,31,52]|V[16,19,21,28]",fc4825140fa5e2560776b4b932f5ef46c1588f36
proposed_nsga2_bs_Gyorgy-KOVACS_WH_Narrow_AW_4_seed_104,proposed_nsga2_bs,Gyorgy-KOVACS_WH_Narrow_AW_4,104,2,auto_from_instance,12,18,4,30,216,,,,,6,2,4,root > V:28 > BH:27 > BV:19 > BV:21,selected,1,inf,True,680,262,418,524.0,1.0,1.0,True,True,1,1,0,True,1,1,0,0,True,True,0,8,4,8,4,2,PF_LS_RP,sampled_pool,,,False,0.16666666666666666,0.12135879145697626,0.8333333333333334,0.1,adaptive,break_symmetry,offspring,feasible_start_adaptive_spacing,,,,feasible_start_adaptive_spacing,0.5,,True,auto_from_instance,0.75,0.35,"7,17,25,27,29,30,31,52","16,19,21,28",,,,,,"H[7,17,25,27,29,30,31,52]|V[16,19,21,28]",334779b46d5c288ee3031362a71af20db7b63dd5
proposed_nsga2_bs_Gyorgy-KOVACS_WH_Narrow_AW_4_seed_104,proposed_nsga2_bs,Gyorgy-KOVACS_WH_Narrow_AW_4,104,2,auto_from_instance,12,18,4,30,216,,,,,7,2,4,root > V:28 > BH:27 > BV:19 > BV:21,selected,1,0.0,True,680,262,418,524.0,1.0,1.0,True,True,1,1,0,True,1,1,0,0,True,True,0,8,4,8,4,2,PF_LS_RP,sampled_pool,,,False,0.16666666666666666,0.12135879145697626,0.8333333333333334,0.1,adaptive,break_symmetry,offspring,feasible_start_adaptive_spacing,,,,feasible_start_adaptive_spacing,0.5,,True,auto_from_instance,0.75,0.35,"7,17,25,27,29,30,31,52","16,19,21,28",,,,,,"H[7,17,25,27,29,30,31,52]|V[16,19,21,28]",8f2926ac3d427dac9f2e22e7dbb4782d03fe71f9
proposed_nsga2_bs_Gyorgy-KOVACS_WH_Narrow_AW_4_seed_104,proposed_nsga2_bs,Gyorgy-KOVACS_WH_Narrow_AW_4,104,2,auto_from_instance,12,18,4,30,216,,,,,8,2,4,root > V:28 > BH:27 > BV:19 > BV:17,selected,1,0.8506493506493507,True,680,262,418,524.0,1.0,1.0,True,True,1,1,0,True,1,1,0,0,True,True,0,8,5,8,5,2,PF_LS_RP,sampled_pool,,,False,0.16666666666666666,0.12135879145697626,0.8333333333333334,0.1,adaptive,break_symmetry,offspring,feasible_start_adaptive_spacing,,,,feasible_start_adaptive_spacing,0.5,,True,auto_from_instance,0.75,0.35,"7,17,25,27,29,30,31,52","16,19,21,28",,,,,,"H[7,17,25,27,29,30,31,52]|V[16,17,19,21,28]",c3a8d798cccc0ae6137f5d1801f12286f82d75a7
proposed_nsga2_bs_Gyorgy-KOVACS_WH_Narrow_AW_4_seed_104,proposed_nsga2_bs,Gyorgy-KOVACS_WH_Narrow_AW_4,104,2,auto_from_instance,12,18,4,30,216,,,,,9,7,4,root > V:28 > BH:27 > BV:21 > BV:21,selected,2,inf,True,680,262,418,576.0,1.0,1.0,True,True,1,1,0,True,1,1,0,0,True,True,0,8,5,8,5,7,LS,sampled_pool,,,False,0.16666666666666666,0.1510921286111022,0.8333333333333334,0.1,adaptive,break_symmetry,offspring,feasible_start_adaptive_spacing,,,,feasible_start_adaptive_spacing,0.5,,True,auto_from_instance,0.75,0.35,"7,17,25,27,29,30,31,52","19,20,23,28",,,,,,"H[7,17,25,27,29,30,31,52]|V[19,20,21,23,28]",67a6f4f8f954f77d80a9f7aeff15d9041dc361bd
proposed_nsga2_bs_Gyorgy-KOVACS_WH_Narrow_AW_4_seed_104,proposed_nsga2_bs,Gyorgy-KOVACS_WH_Narrow_AW_4,104,2,auto_from_instance,12,18,4,30,216,,,,,10,7,4,root > V:28 > BH:27 > BV:17 > BV:21,selected,2,inf,True,680,262,418,576.0,1.0,1.0,True,True,1,1,0,True,1,1,0,0,True,True,0,8,6,8,6,7,LS,sampled_pool,,,False,0.16666666666666666,0.1510921286111022,0.8333333333333334,0.1,adaptive,break_symmetry,offspring,feasible_start_adaptive_spacing,,,,feasible_start_adaptive_spacing,0.5,,True,auto_from_instance,0.75,0.35,"7,17,25,27,29,30,31,52","19,20,23,28",,,,,,"H[7,17,25,27,29,30,31,52]|V[17,19,20,21,23,28]",0cf129bcce89e5f8a26de7d155210a53886c00dc
proposed_nsga2_bs_Gyorgy-KOVACS_WH_Narrow_AW_4_seed_104,proposed_nsga2_bs,Gyorgy-KOVACS_WH_Narrow_AW_4,104,2,auto_from_instance,12,18,4,30,216,,,,,11,8,8,root > V:15 > BH:27 > BH:49 > BH:41 > BH:29 > BH:17 > BH:9 > BV:27,selected,1,inf,True,608,261,347,539.0,1.0,1.0,True,True,1,1,0,True,1,1,0,0,True,True,0,9,7,9,7,8,PF_LS,sampled_pool,,,False,0.16666666666666666,0.18569458547900047,0.8333333333333334,0.1,adaptive,insert_random_aisle,offspring,feasible_start_adaptive_spacing,,,,feasible_start_adaptive_spacing,0.5,,True,auto_from_instance,0.75,0.35,"9,23,27,29,39,49,50","15,17,19,20,22,27,30",,,,,,"H[9,17,23,27,29,39,41,49,50]|V[15,17,19,20,22,27,30]",5855b7a2ce0f7102686a835ce8b745d34e7270fe
proposed_nsga2_bs_Gyorgy-KOVACS_WH_Narrow_AW_4_seed_104,proposed_nsga2_bs,Gyorgy-KOVACS_WH_Narrow_AW_4,104,2,auto_from_instance,12,18,4,30,216,,,,,12,8,8,root > V:15 > BH:27 > BH:49 > BH:39 > BH:29 > BH:17 > BH:9 > BV:27,selected,0,inf,True,608,261,347,509.0,1.0,1.0,True,True,1,1,0,True,1,1,0,0,True,True,0,8,7,8,7,8,PF_LS,sampled_pool,,,False,0.16666666666666666,0.18569458547900047,0.8333333333333334,0.1,adaptive,insert_random_aisle,offspring,feasible_start_adaptive_spacing,,,,feasible_start_adaptive_spacing,0.5,,True,auto_from_instance,0.75,0.35,"9,23,27,29,39,49,50","15,17,19,20,22,27,30",,,,,,"H[9,17,23,27,29,39,49,50]|V[15,17,19,20,22,27,30]",fc0563743447995c195c8e655d4713bfa38a660a
proposed_nsga2_bs_Gyorgy-KOVACS_WH_Narrow_AW_4_seed_104,proposed_nsga2_bs,Gyorgy-KOVACS_WH_Narrow_AW_4,104,2,auto_from_instance,12,18,4,30,216,,,,,13,8,8,root > V:15 > BH:27 > BH:49 > BH:41 > BH:29 > BH:17 > BH:9 > BV:25,evaluated,3,inf,False,608,261,347,595.0,1.0,1.0,True,True,1,1,0,True,1,1,0,0,True,True,0,9,8,9,8,8,PF_LS,sampled_pool,,,False,0.16666666666666666,0.18569458547900047,0.8333333333333334,0.1,adaptive,insert_random_aisle,offspring,feasible_start_adaptive_spacing,,,,feasible_start_adaptive_spacing,0.5,,True,auto_from_instance,0.75,0.35,"9,23,27,29,39,49,50","15,17,19,20,22,27,30",,,,,,"H[9,17,23,27,29,39,41,49,50]|V[15,17,19,20,22,25,27,30]",08dfdb08ca75b8739e2c3ffebea5b42db822e898
proposed_nsga2_bs_Gyorgy-KOVACS_WH_Narrow_AW_4_seed_104,proposed_nsga2_bs,Gyorgy-KOVACS_WH_Narrow_AW_4,104,2,auto_from_instance,12,18,4,30,216,,,,,14,8,8,root > V:15 > BH:27 > BH:49 > BH:39 > BH:29 > BH:17 > BH:9 > BV:25,evaluated,2,inf,False,608,261,347,565.0,1.0,1.0,True,True,1,1,0,True,1,1,0,0,True,True,0,8,8,8,8,8,PF_LS,sampled_pool,,,False,0.16666666666666666,0.18569458547900047,0.8333333333333334,0.1,adaptive,insert_random_aisle,offspring,feasible_start_adaptive_spacing,,,,feasible_start_adaptive_spacing,0.5,,True,auto_from_instance,0.75,0.35,"9,23,27,29,39,49,50","15,17,19,20,22,27,30",,,,,,"H[9,17,23,27,29,39,49,50]|V[15,17,19,20,22,25,27,30]",57debfbcb33569e7a9d11cf7896db530f119ad92
proposed_nsga2_bs_Gyorgy-KOVACS_WH_Narrow_AW_4_seed_104,proposed_nsga2_bs,Gyorgy-KOVACS_WH_Narrow_AW_4,104,3,auto_from_instance,12,18,4,30,216,,,,,1,1,8,root > V:17 > BH:27 > BH:5 > BH:15 > BH:25 > BH:37 > BH:47 > BV:27,selected,1,1.9011688311688313,True,648,237,411,490.0,1.0,1.0,True,True,1,1,0,True,1,1,0,0,True,True,0,14,7,14,7,1,PF_SS,sampled_pool,,,True,0.2222222222222222,0.2910131956696764,0.7777777777777778,0.1,adaptive,swap_segments,offspring,feasible_start_adaptive_spacing,,,,feasible_start_adaptive_spacing,0.5,,True,auto_from_instance,0.75,0.35,"7,17,23,27,29,39,41,49,50","10,17,19,20,21,23",,,,,,"H[5,7,15,17,23,25,27,29,37,39,41,47,49,50]|V[10,17,19,20,21,23,27]",3ab80a1d8e68880e815ad780c83cfc2449e7f93f
proposed_nsga2_bs_Gyorgy-KOVACS_WH_Narrow_AW_4_seed_104,proposed_nsga2_bs,Gyorgy-KOVACS_WH_Narrow_AW_4,104,3,auto_from_instance,12,18,4,30,216,,,,,2,1,8,root > V:17 > BH:27 > BH:49 > BH:39 > BH:29 > BH:17 > BH:7 > BV:27,selected,1,inf,True,648,237,411,490.0,1.0,1.0,True,True,1,1,0,True,1,1,0,0,True,True,0,9,7,9,7,1,PF_SS,sampled_pool,,,True,0.2222222222222222,0.2910131956696764,0.7777777777777778,0.1,adaptive,swap_segments,offspring,feasible_start_adaptive_spacing,,,,feasible_start_adaptive_spacing,0.5,,True,auto_from_instance,0.75,0.35,"7,17,23,27,29,39,41,49,50","10,17,19,20,21,23",,,,,,"H[7,17,23,27,29,39,41,49,50]|V[10,17,19,20,21,23,27]",451b31cd7494c0e29ac39737991e84853f054397
proposed_nsga2_bs_Gyorgy-KOVACS_WH_Narrow_AW_4_seed_104,proposed_nsga2_bs,Gyorgy-KOVACS_WH_Narrow_AW_4,104,3,auto_from_instance,12,18,4,30,216,,,,,3,1,8,root > V:17 > BH:27 > BH:5 > BH:15 > BH:25 > BH:37 > BH:47 > BV:25,evaluated,3,inf,False,648,237,411,544.0,1.0,1.0,True,True,1,1,0,True,1,1,0,0,True,True,0,14,7,14,7,1,PF_SS,sampled_pool,,,True,0.2222222222222222,0.2910131956696764,0.7777777777777778,0.1,adaptive,swap_segments,offspring,feasible_start_adaptive_spacing,,,,feasible_start_adaptive_spacing,0.5,,True,auto_from_instance,0.75,0.35,"7,17,23,27,29,39,41,49,50","10,17,19,20,21,23",,,,,,"H[5,7,15,17,23,25,27,29,37,39,41,47,49,50]|V[10,17,19,20,21,23,25]",24e93b3467ee5334276be59c5b6e878bb2e06a66
proposed_nsga2_bs_Gyorgy-KOVACS_WH_Narrow_AW_4_seed_104,proposed_nsga2_bs,Gyorgy-KOVACS_WH_Narrow_AW_4,104,3,auto_from_instance,12,18,4,30,216,,,,,4,1,8,root > V:17 > BH:27 > BH:49 > BH:39 > BH:29 > BH:17 > BH:7 > BV:25,evaluated,3,inf,False,648,237,411,544.0,1.0,1.0,True,True,1,1,0,True,1,1,0,0,True,True,0,9,7,9,7,1,PF_SS,sampled_pool,,,True,0.2222222222222222,0.2910131956696764,0.7777777777777778,0.1,adaptive,swap_segments,offspring,feasible_start_adaptive_spacing,,,,feasible_start_adaptive_spacing,0.5,,True,auto_from_instance,0.75,0.35,"7,17,23,27,29,39,41,49,50","10,17,19,20,21,23",,,,,,"H[7,17,23,27,29,39,41,49,50]|V[10,17,19,20,21,23,25]",19631d63ec0204b55a5a6d539d26aaf84a80581d
proposed_nsga2_bs_Gyorgy-KOVACS_WH_Narrow_AW_4_seed_104,proposed_nsga2_bs,Gyorgy-KOVACS_WH_Narrow_AW_4,104,3,auto_from_instance,12,18,4,30,216,,,,,5,2,9,root > V:15 > BH:27 > BH:5 > BH:15 > BH:25 > BH:37 > BH:47 > BV:23 > BV:30,selected,0,inf,True,592,261,331,462.0,1.0,1.0,True,True,1,1,0,True,1,1,0,0,True,True,0,13,8,13,8,2,PF_LS_RP,sampled_pool,,,False,0.2222222222222222,0.19421634564193777,0.7777777777777778,0.1,adaptive,bit_flip,offspring,feasible_start_adaptive_spacing,,,,feasible_start_adaptive_spacing,0.5,,True,auto_from_instance,0.75,0.35,"9,17,20,25,27,29,30,31,52","15,17,19,20,22,27,30",,,,,,"H[5,9,15,17,20,25,27,29,30,31,37,47,52]|V[15,17,19,20,22,23,27,30]",9ee2190bb5e677e5dd6004d3c767bf39ff3449fb
proposed_nsga2_bs_Gyorgy-KOVACS_WH_Narrow_AW_4_seed_104,proposed_nsga2_bs,Gyorgy-KOVACS_WH_Narrow_AW_4,104,3,auto_from_instance,12,18,4,30,216,,,,,6,2,9,root > V:15 > BH:27 > BH:49 > BH:39 > BH:29 > BH:17 > BH:7 > BV:23 > BV:30,selected,0,inf,True,592,261,331,462.0,1.0,1.0,True,True,1,1,0,True,1,1,0,0,True,True,0,12,8,12,8,2,PF_LS_RP,sampled_pool,,,False,0.2222222222222222,0.19421634564193777,0.7777777777777778,0.1,adaptive,bit_flip,offspring,feasible_start_adaptive_spacing,,,,feasible_start_adaptive_spacing,0.5,,True,auto_from_instance,0.75,0.35,"9,17,20,25,27,29,30,31,52","15,17,19,20,22,27,30",,,,,,"H[7,9,17,20,25,27,29,30,31,39,49,52]|V[15,17,19,20,22,23,27,30]",eef866e48d563b788dc6683537da31dffdbde584
proposed_nsga2_bs_Gyorgy-KOVACS_WH_Narrow_AW_4_seed_104,proposed_nsga2_bs,Gyorgy-KOVACS_WH_Narrow_AW_4,104,3,auto_from_instance,12,18,4,30,216,,,,,7,3,4,root > V:27 > BH:27 > BV:19 > BV:19,selected,1,inf,True,684,260,424,484.0,1.0,1.0,True,True,1,1,0,True,1,1,0,0,True,True,0,6,8,6,8,3,SS_PF_LS,sampled_pool,,,True,0.2222222222222222,0.22392023769089978,0.7777777777777778,0.1,adaptive,bit_flip,offspring,feasible_start_adaptive_spacing,,,,feasible_start_adaptive_spacing,0.5,,True,auto_from_instance,0.75,0.35,"9,27,29,39,49,50","13,15,17,19,20,22,27,30",,,,,,"H[9,27,29,39,49,50]|V[13,15,17,19,20,22,27,30]",9baad5a6d6d08df213ec54891109e23b1069a9a5
proposed_nsga2_bs_Gyorgy-KOVACS_WH_Narrow_AW_4_seed_104,proposed_nsga2_bs,Gyorgy-KOVACS_WH_Narrow_AW_4,104,3,auto_from_instance,12,18,4,30,216,,,,,8,3,4,root > V:27 > BH:27 > BV:17 > BV:19,selected,1,0.0,True,684,260,424,484.0,1.0,1.0,True,True,1,1,0,True,1,1,0,0,True,True,0,6,8,6,8,3,SS_PF_LS,sampled_pool,,,True,0.2222222222222222,0.22392023769089978,0.7777777777777778,0.1,adaptive,bit_flip,offspring,feasible_start_adaptive_spacing,,,,feasible_start_adaptive_spacing,0.5,,True,auto_from_instance,0.75,0.35,"9,27,29,39,49,50","13,15,17,19,20,22,27,30",,,,,,"H[9,27,29,39,49,50]|V[13,15,17,19,20,22,27,30]",7ea492661f4a7d780540a41c5bfc758906148e19
proposed_nsga2_bs_Gyorgy-KOVACS_WH_Narrow_AW_4_seed_104,proposed_nsga2_bs,Gyorgy-KOVACS_WH_Narrow_AW_4,104,3,auto_from_instance,12,18,4,30,216,,,,,9,3,4,root > V:27 > BH:27 > BV:19 > BV:17,selected,1,0.0,True,684,260,424,484.0,1.0,1.0,True,True,1,1,0,True,1,1,0,0,True,True,0,6,8,6,8,3,SS_PF_LS,sampled_pool,,,True,0.2222222222222222,0.22392023769089978,0.7777777777777778,0.1,adaptive,bit_flip,offspring,feasible_start_adaptive_spacing,,,,feasible_start_adaptive_spacing,0.5,,True,auto_from_instance,0.75,0.35,"9,27,29,39,49,50","13,15,17,19,20,22,27,30",,,,,,"H[9,27,29,39,49,50]|V[13,15,17,19,20,22,27,30]",59c55a28d53f47701301421f850890ad1de7d63b
proposed_nsga2_bs_Gyorgy-KOVACS_WH_Narrow_AW_4_seed_104,proposed_nsga2_bs,Gyorgy-KOVACS_WH_Narrow_AW_4,104,3,auto_from_instance,12,18,4,30,216,,,,,10,3,4,root > V:27 > BH:27 > BV:17 > BV:17,selected,1,inf,True,684,260,424,484.0,1.0,1.0,True,True,1,1,0,True,1,1,0,0,True,True,0,6,8,6,8,3,SS_PF_LS,sampled_pool,,,True,0.2222222222222222,0.22392023769089978,0.7777777777777778,0.1,adaptive,bit_flip,offspring,feasible_start_adaptive_spacing,,,,feasible_start_adaptive_spacing,0.5,,True,auto_from_instance,0.75,0.35,"9,27,29,39,49,50","13,15,17,19,20,22,27,30",,,,,,"H[9,27,29,39,49,50]|V[13,15,17,19,20,22,27,30]",6732d5258a9313035bead181283e041def90bbb2
proposed_nsga2_bs_Gyorgy-KOVACS_WH_Narrow_AW_4_seed_104,proposed_nsga2_bs,Gyorgy-KOVACS_WH_Narrow_AW_4,104,3,auto_from_instance,12,18,4,30,216,,,,,11,4,8,root > V:15 > BH:27 > BH:49 > BH:41 > BH:29 > BH:17 > BH:9 > BV:27,evaluated,2,inf,False,608,261,347,539.0,1.0,1.0,True,True,1,1,0,True,1,1,0,0,True,True,0,8,9,8,9,4,PF,sampled_pool,,,False,0.2222222222222222,0.23266537962697698,0.7777777777777778,0.1,adaptive,bit_flip,offspring,feasible_start_adaptive_spacing,,,,feasible_start_adaptive_spacing,0.5,,True,auto_from_instance,0.75,0.35,"9,17,23,27,29,49,50","11,15,17,19,20,22,23,27,30",,,,,,"H[9,17,23,27,29,41,49,50]|V[11,15,17,19,20,22,23,27,30]",5855b7a2ce0f7102686a835ce8b745d34e7270fe
proposed_nsga2_bs_Gyorgy-KOVACS_WH_Narrow_AW_4_seed_104,proposed_nsga2_bs,Gyorgy-KOVACS_WH_Narrow_AW_4,104,3,auto_from_instance,12,18,4,30,216,,,,,12,4,8,root > V:15 > BH:27 > BH:49 > BH:39 > BH:29 > BH:17 > BH:9 > BV:27,selected,1,inf,True,608,261,347,509.0,1.0,1.0,True,True,1,1,0,True,1,1,0,0,True,True,0,8,9,8,9,4,PF,sampled_pool,,,False,0.2222222222222222,0.23266537962697698,0.7777777777777778,0.1,adaptive,bit_flip,offspring,feasible_start_adaptive_spacing,,,,feasible_start_adaptive_spacing,0.5,,True,auto_from_instance,0.75,0.35,"9,17,23,27,29,49,50","11,15,17,19,20,22,23,27,30",,,,,,"H[9,17,23,27,29,39,49,50]|V[11,15,17,19,20,22,23,27,30]",fc0563743447995c195c8e655d4713bfa38a660a
proposed_nsga2_bs_Gyorgy-KOVACS_WH_Narrow_AW_4_seed_104,proposed_nsga2_bs,Gyorgy-KOVACS_WH_Narrow_AW_4,104,3,auto_from_instance,12,18,4,30,216,,,,,13,4,8,root > V:15 > BH:27 > BH:49 > BH:41 > BH:29 > BH:17 > BH:9 > BV:25,evaluated,4,inf,False,608,261,347,595.0,1.0,1.0,True,True,1,1,0,True,1,1,0,0,True,True,0,8,10,8,10,4,PF,sampled_pool,,,False,0.2222222222222222,0.23266537962697698,0.7777777777777778,0.1,adaptive,bit_flip,offspring,feasible_start_adaptive_spacing,,,,feasible_start_adaptive_spacing,0.5,,True,auto_from_instance,0.75,0.35,"9,17,23,27,29,49,50","11,15,17,19,20,22,23,27,30",,,,,,"H[9,17,23,27,29,41,49,50]|V[11,15,17,19,20,22,23,25,27,30]",08dfdb08ca75b8739e2c3ffebea5b42db822e898
proposed_nsga2_bs_Gyorgy-KOVACS_WH_Narrow_AW_4_seed_104,proposed_nsga2_bs,Gyorgy-KOVACS_WH_Narrow_AW_4,104,3,auto_from_instance,12,18,4,30,216,,,,,14,4,8,root > V:15 > BH:27 > BH:49 > BH:39 > BH:29 > BH:17 > BH:9 > BV:25,evaluated,3,inf,False,608,261,347,565.0,1.0,1.0,True,True,1,1,0,True,1,1,0,0,True,True,0,8,10,8,10,4,PF,sampled_pool,,,False,0.2222222222222222,0.23266537962697698,0.7777777777777778,0.1,adaptive,bit_flip,offspring,feasible_start_adaptive_spacing,,,,feasible_start_adaptive_spacing,0.5,,True,auto_from_instance,0.75,0.35,"9,17,23,27,29,49,50","11,15,17,19,20,22,23,27,30",,,,,,"H[9,17,23,27,29,39,49,50]|V[11,15,17,19,20,22,23,25,27,30]",57debfbcb33569e7a9d11cf7896db530f119ad92
proposed_nsga2_bs_Gyorgy-KOVACS_WH_Narrow_AW_4_seed_104,proposed_nsga2_bs,Gyorgy-KOVACS_WH_Narrow_AW_4,104,3,auto_from_instance,12,18,4,30,216,,,,,15,6,4,root > V:28 > BH:27 > BV:19 > BV:19,selected,0,inf,True,680,262,418,472.0,1.0,1.0,True,True,1,1,0,True,1,1,0,0,True,True,0,7,6,7,6,6,SS,sampled_pool,,,True,0.2222222222222222,0.17994090587024175,0.7777777777777778,0.1,adaptive,swap_segments,offspring,feasible_start_adaptive_spacing,,,,feasible_start_adaptive_spacing,0.5,,True,auto_from_instance,0.75,0.35,"7,9,17,23,27,29,52","15,19,20,22,24,28",,,,,,"H[7,9,17,23,27,29,52]|V[15,19,20,22,24,28]",fc4825140fa5e2560776b4b932f5ef46c1588f36
proposed_nsga2_bs_Gyorgy-KOVACS_WH_Narrow_AW_4_seed_104,proposed_nsga2_bs,Gyorgy-KOVACS_WH_Narrow_AW_4,104,3,auto_from_instance,12,18,4,30,216,,,,,16,6,4,root > V:28 > BH:27 > BV:19 > BV:21,selected,1,inf,True,680,262,418,524.0,1.0,1.0,True,True,1,1,0,True,1,1,0,0,True,True,0,7,7,7,7,6,SS,sampled_pool,,,True,0.2222222222222222,0.17994090587024175,0.7777777777777778,0.1,adaptive,swap_segments,offspring,feasible_start_adaptive_spacing,,,,feasible_start_adaptive_spacing,0.5,,True,auto_from_instance,0.75,0.35,"7,9,17,23,27,29,52","15,19,20,22,24,28",,,,,,"H[7,9,17,23,27,29,52]|V[15,19,20,21,22,24,28]",334779b46d5c288ee3031362a71af20db7b63dd5
proposed_nsga2_bs_Gyorgy-KOVACS_WH_Narrow_AW_4_seed_104,proposed_nsga2_bs,Gyorgy-KOVACS_WH_Narrow_AW_4,104,3,auto_from_instance,12,18,4,30,216,,,,,17,6,4,root > V:28 > BH:27 > BV:19 > BV:21,evaluated,1,0.0,False,680,262,418,524.0,1.0,1.0,True,True,1,1,0,True,1,1,0,0,True,True,0,7,7,7,7,6,SS,sampled_pool,,,True,0.2222222222222222,0.17994090587024175,0.7777777777777778,0.1,adaptive,swap_segments,offspring,feasible_start_adaptive_spacing,,,,feasible_start_adaptive_spacing,0.5,,True,auto_from_instance,0.75,0.35,"7,9,17,23,27,29,52","15,19,20,22,24,28",,,,,,"H[7,9,17,23,27,29,52]|V[15,19,20,21,22,24,28]",8f2926ac3d427dac9f2e22e7dbb4782d03fe71f9
proposed_nsga2_bs_Gyorgy-KOVACS_WH_Narrow_AW_4_seed_104,proposed_nsga2_bs,Gyorgy-KOVACS_WH_Narrow_AW_4,104,3,auto_from_instance,12,18,4,30,216,,,,,18,6,4,root > V:28 > BH:27 > BV:19 > BV:17,selected,1,inf,True,680,262,418,524.0,1.0,1.0,True,True,1,1,0,True,1,1,0,0,True,True,0,7,7,7,7,6,SS,sampled_pool,,,True,0.2222222222222222,0.17994090587024175,0.7777777777777778,0.1,adaptive,swap_segments,offspring,feasible_start_adaptive_spacing,,,,feasible_start_adaptive_spacing,0.5,,True,auto_from_instance,0.75,0.35,"7,9,17,23,27,29,52","15,19,20,22,24,28",,,,,,"H[7,9,17,23,27,29,52]|V[15,17,19,20,22,24,28]",c3a8d798cccc0ae6137f5d1801f12286f82d75a7
proposed_nsga2_bs_Gyorgy-KOVACS_WH_Narrow_AW_4_seed_104,proposed_nsga2_bs,Gyorgy-KOVACS_WH_Narrow_AW_4,104,3,auto_from_instance,12,18,4,30,216,,,,,19,7,4,root > V:28 > BH:27 > BV:21 > BV:21,evaluated,2,inf,False,680,262,418,576.0,1.0,1.0,True,True,1,1,0,True,1,1,0,0,True,True,0,7,5,7,5,7,LS_PF,sampled_pool,,,False,0.2222222222222222,0.12895731669848998,0.7777777777777778,0.1,adaptive,remove_random_aisle,offspring,feasible_start_adaptive_spacing,,,,feasible_start_adaptive_spacing,0.5,,True,auto_from_instance,0.75,0.35,"7,17,25,27,29,30,52","16,17,19,21,28",,,,,,"H[7,17,25,27,29,30,52]|V[16,17,19,21,28]",67a6f4f8f954f77d80a9f7aeff15d9041dc361bd
proposed_nsga2_bs_Gyorgy-KOVACS_WH_Narrow_AW_4_seed_104,proposed_nsga2_bs,Gyorgy-KOVACS_WH_Narrow_AW_4,104,3,auto_from_instance,12,18,4,30,216,,,,,20,7,4,root > V:28 > BH:27 > BV:17 > BV:21,evaluated,2,inf,False,680,262,418,576.0,1.0,1.0,True,True,1,1,0,True,1,1,0,0,True,True,0,7,5,7,5,7,LS_PF,sampled_pool,,,False,0.2222222222222222,0.12895731669848998,0.7777777777777778,0.1,adaptive,remove_random_aisle,offspring,feasible_start_adaptive_spacing,,,,feasible_start_adaptive_spacing,0.5,,True,auto_from_instance,0.75,0.35,"7,17,25,27,29,30,52","16,17,19,21,28",,,,,,"H[7,17,25,27,29,30,52]|V[16,17,19,21,28]",0cf129bcce89e5f8a26de7d155210a53886c00dc
proposed_nsga2_bs_Gyorgy-KOVACS_WH_Narrow_AW_4_seed_104,proposed_nsga2_bs,Gyorgy-KOVACS_WH_Narrow_AW_4,104,4,auto_from_instance,12,18,4,30,216,,,,,1,1,4,root > V:28 > BH:27 > BV:19 > BV:19,selected,0,inf,True,680,262,418,472.0,1.0,1.0,True,True,1,1,0,True,1,1,0,0,True,True,0,7,7,7,7,1,PF_RP,sampled_pool,,,False,0.2777777777777778,0.2978158654535402,0.7222222222222222,0.1,adaptive,spacing_aware_flip,offspring,feasible_start_adaptive_spacing,,,,feasible_start_adaptive_spacing,0.5,,True,auto_from_instance,0.75,0.35,"7,9,17,23,27,29,52","6,15,19,20,22,24,28",,,,,,"H[7,9,17,23,27,29,52]|V[6,15,19,20,22,24,28]",fc4825140fa5e2560776b4b932f5ef46c1588f36
proposed_nsga2_bs_Gyorgy-KOVACS_WH_Narrow_AW_4_seed_104,proposed_nsga2_bs,Gyorgy-KOVACS_WH_Narrow_AW_4,104,4,auto_from_instance,12,18,4,30,216,,,,,2,1,4,root > V:28 > BH:27 > BV:19 > BV:21,selected,1,inf,True,680,262,418,524.0,1.0,1.0,True,True,1,1,0,True,1,1,0,0,True,True,0,7,8,7,8,1,PF_RP,sampled_pool,,,False,0.2777777777777778,0.2978158654535402,0.7222222222222222,0.1,adaptive,spacing_aware_flip,offspring,feasible_start_adaptive_spacing,,,,feasible_start_adaptive_spacing,0.5,,True,auto_from_instance,0.75,0.35,"7,9,17,23,27,29,52","6,15,19,20,22,24,28",,,,,,"H[7,9,17,23,27,29,52]|V[6,15,19,20,21,22,24,28]",334779b46d5c288ee3031362a71af20db7b63dd5
proposed_nsga2_bs_Gyorgy-KOVACS_WH_Narrow_AW_4_seed_104,proposed_nsga2_bs,Gyorgy-KOVACS_WH_Narrow_AW_4,104,4,auto_from_instance,12,18,4,30,216,,,,,3,1,4,root > V:28 > BH:27 > BV:19 > BV:21,selected,1,0.0,True,680,262,418,524.0,1.0,1.0,True,True,1,1,0,True,1,1,0,0,True,True,0,7,8,7,8,1,PF_RP,sampled_pool,,,False,0.2777777777777778,0.2978158654535402,0.7222222222222222,0.1,adaptive,spacing_aware_flip,offspring,feasible_start_adaptive_spacing,,,,feasible_start_adaptive_spacing,0.5,,True,auto_from_instance,0.75,0.35,"7,9,17,23,27,29,52","6,15,19,20,22,24,28",,,,,,"H[7,9,17,23,27,29,52]|V[6,15,19,20,21,22,24,28]",8f2926ac3d427dac9f2e22e7dbb4782d03fe71f9
proposed_nsga2_bs_Gyorgy-KOVACS_WH_Narrow_AW_4_seed_104,proposed_nsga2_bs,Gyorgy-KOVACS_WH_Narrow_AW_4,104,4,auto_from_instance,12,18,4,30,216,,,,,4,1,4,root > V:28 > BH:27 > BV:19 > BV:17,selected,1,inf,True,680,262,418,524.0,1.0,1.0,True,True,1,1,0,True,1,1,0,0,True,True,0,7,8,7,8,1,PF_RP,sampled_pool,,,False,0.2777777777777778,0.2978158654535402,0.7222222222222222,0.1,adaptive,spacing_aware_flip,offspring,feasible_start_adaptive_spacing,,,,feasible_start_adaptive_spacing,0.5,,True,auto_from_instance,0.75,0.35,"7,9,17,23,27,29,52","6,15,19,20,22,24,28",,,,,,"H[7,9,17,23,27,29,52]|V[6,15,17,19,20,22,24,28]",c3a8d798cccc0ae6137f5d1801f12286f82d75a7
proposed_nsga2_bs_Gyorgy-KOVACS_WH_Narrow_AW_4_seed_104,proposed_nsga2_bs,Gyorgy-KOVACS_WH_Narrow_AW_4,104,4,auto_from_instance,12,18,4,30,216,,,,,5,2,4,root > V:28 > BH:27 > BV:21 > BV:21,selected,2,inf,True,680,262,418,576.0,1.0,1.0,True,True,1,1,0,True,1,1,0,0,True,True,0,8,7,8,7,2,PF_LS,sampled_pool,,,False,0.2777777777777778,0.25089827342535764,0.7222222222222222,0.1,adaptive,spacing_aware_flip,offspring,feasible_start_adaptive_spacing,,,,feasible_start_adaptive_spacing,0.5,,True,auto_from_instance,0.75,0.35,"7,9,17,23,27,29,40,52","15,19,20,21,22,24,28",,,,,,"H[7,9,17,23,27,29,40,52]|V[15,19,20,21,22,24,28]",67a6f4f8f954f77d80a9f7aeff15d9041dc361bd
proposed_nsga2_bs_Gyorgy-KOVACS_WH_Narrow_AW_4_seed_104,proposed_nsga2_bs,Gyorgy-KOVACS_WH_Narrow_AW_4,104,4,auto_from_instance,12,18,4,30,216,,,,,6,2,4,root > V:28 > BH:27 > BV:17 > BV:21,evaluated,2,inf,False,680,262,418,576.0,1.0,1.0,True,True,1,1,0,True,1,1,0,0,True,True,0,8,8,8,8,2,PF_LS,sampled_pool,,,False,0.2777777777777778,0.25089827342535764,0.7222222222222222,0.1,adaptive,spacing_aware_flip,offspring,feasible_start_adaptive_spacing,,,,feasible_start_adaptive_spacing,0.5,,True,auto_from_instance,0.75,0.35,"7,9,17,23,27,29,40,52","15,19,20,21,22,24,28",,,,,,"H[7,9,17,23,27,29,40,52]|V[15,17,19,20,21,22,24,28]",0cf129bcce89e5f8a26de7d155210a53886c00dc
proposed_nsga2_bs_Gyorgy-KOVACS_WH_Narrow_AW_4_seed_104,proposed_nsga2_bs,Gyorgy-KOVACS_WH_Narrow_AW_4,104,4,auto_from_instance,12,18,4,30,216,,,,,7,3,9,root > V:15 > BH:27 > BH:5 > BH:15 > BH:25 > BH:37 > BH:47 > BV:23 > BV:30,selected,0,inf,True,592,261,331,462.0,1.0,1.0,True,True,1,1,0,True,1,1,0,0,True,True,0,14,8,14,8,3,PF_SS,sampled_pool,,,True,0.2777777777777778,0.2791739477887071,0.7222222222222222,0.1,adaptive,break_symmetry,offspring,feasible_start_adaptive_spacing,,,,feasible_start_adaptive_spacing,0.5,,True,auto_from_instance,0.75,0.35,"8,20,25,27,29,30,31,39,49,52","15,17,19,20,22,23,27,30",,,,,,"H[5,8,15,20,25,27,29,30,31,37,39,47,49,52]|V[15,17,19,20,22,23,27,30]",9ee2190bb5e677e5dd6004d3c767bf39ff3449fb
proposed_nsga2_bs_Gyorgy-KOVACS_WH_Narrow_AW_4_seed_104,proposed_nsga2_bs,Gyorgy-KOVACS_WH_Narrow_AW_4,104,4,auto_from_instance,12,18,4,30,216,,,,,8,3,9,root > V:15 > BH:27 > BH:49 > BH:39 > BH:29 > BH:17 > BH:7 > BV:23 > BV:30,selected,0,inf,True,592,261,331,462.0,1.0,1.0,True,True,1,1,0,True,1,1,0,0,True,True,0,12,8,12,8,3,PF_SS,sampled_pool,,,True,0.2777777777777778,0.2791739477887071,0.7222222222222222,0.1,adaptive,break_symmetry,offspring,feasible_start_adaptive_spacing,,,,feasible_start_adaptive_spacing,0.5,,True,auto_from_instance,0.75,0.35,"8,20,25,27,29,30,31,39,49,52","15,17,19,20,22,23,27,30",,,,,,"H[7,8,17,20,25,27,29,30,31,39,49,52]|V[15,17,19,20,22,23,27,30]",eef866e48d563b788dc6683537da31dffdbde584
proposed_nsga2_bs_Gyorgy-KOVACS_WH_Narrow_AW_4_seed_104,proposed_nsga2_bs,Gyorgy-KOVACS_WH_Narrow_AW_4,104,4,auto_from_instance,12,18,4,30,216,,,,,9,4,4,root > V:27 > BH:27 > BV:19 > BV:19,selected,1,inf,True,684,260,424,484.0,1.0,1.0,True,True,1,1,0,True,1,1,0,0,True,True,0,8,9,8,9,4,SS_PF_LS,sampled_pool,,,True,0.2777777777777778,0.3178557224957637,0.7222222222222222,0.1,adaptive,insert_random_aisle,offspring,feasible_start_adaptive_spacing,,,,feasible_start_adaptive_spacing,0.5,,True,auto_from_instance,0.75,0.35,"7,9,17,27,29,39,49,50","10,13,15,17,19,20,22,27,30",,,,,,"H[7,9,17,27,29,39,49,50]|V[10,13,15,17,19,20,22,27,30]",9baad5a6d6d08df213ec54891109e23b1069a9a5
proposed_nsga2_bs_Gyorgy-KOVACS_WH_Narrow_AW_4_seed_104,proposed_nsga2_bs,Gyorgy-KOVACS_WH_Narrow_AW_4,104,4,auto_from_instance,12,18,4,30,216,,,,,10,4,4,root > V:27 > BH:27 > BV:17 > BV:19,selected,1,0.0,True,684,260,424,484.0,1.0,1.0,True,True,1,1,0,True,1,1,0,0,True,True,0,8,9,8,9,4,SS_PF_LS,sampled_pool,,,True,0.2777777777777778,0.3178557224957637,0.7222222222222222,0.1,adaptive,insert_random_aisle,offspring,feasible_start_adaptive_spacing,,,,feasible_start_adaptive_spacing,0.5,,True,auto_from_instance,0.75,0.35,"7,9,17,27,29,39,49,50","10,13,15,17,19,20,22,27,30",,,,,,"H[7,9,17,27,29,39,49,50]|V[10,13,15,17,19,20,22,27,30]",7ea492661f4a7d780540a41c5bfc758906148e19
proposed_nsga2_bs_Gyorgy-KOVACS_WH_Narrow_AW_4_seed_104,proposed_nsga2_bs,Gyorgy-KOVACS_WH_Narrow_AW_4,104,4,auto_from_instance,12,18,4,30,216,,,,,11,4,4,root > V:27 > BH:27 > BV:19 > BV:17,selected,1,0.0,True,684,260,424,484.0,1.0,1.0,True,True,1,1,0,True,1,1,0,0,True,True,0,8,9,8,9,4,SS_PF_LS,sampled_pool,,,True,0.2777777777777778,0.3178557224957637,0.7222222222222222,0.1,adaptive,insert_random_aisle,offspring,feasible_start_adaptive_spacing,,,,feasible_start_adaptive_spacing,0.5,,True,auto_from_instance,0.75,0.35,"7,9,17,27,29,39,49,50","10,13,15,17,19,20,22,27,30",,,,,,"H[7,9,17,27,29,39,49,50]|V[10,13,15,17,19,20,22,27,30]",59c55a28d53f47701301421f850890ad1de7d63b
proposed_nsga2_bs_Gyorgy-KOVACS_WH_Narrow_AW_4_seed_104,proposed_nsga2_bs,Gyorgy-KOVACS_WH_Narrow_AW_4,104,4,auto_from_instance,12,18,4,30,216,,,,,12,4,4,root > V:27 > BH:27 > BV:17 > BV:17,selected,1,inf,True,684,260,424,484.0,1.0,1.0,True,True,1,1,0,True,1,1,0,0,True,True,0,8,9,8,9,4,SS_PF_LS,sampled_pool,,,True,0.2777777777777778,0.3178557224957637,0.7222222222222222,0.1,adaptive,insert_random_aisle,offspring,feasible_start_adaptive_spacing,,,,feasible_start_adaptive_spacing,0.5,,True,auto_from_instance,0.75,0.35,"7,9,17,27,29,39,49,50","10,13,15,17,19,20,22,27,30",,,,,,"H[7,9,17,27,29,39,49,50]|V[10,13,15,17,19,20,22,27,30]",6732d5258a9313035bead181283e041def90bbb2
proposed_nsga2_bs_Gyorgy-KOVACS_WH_Narrow_AW_4_seed_104,proposed_nsga2_bs,Gyorgy-KOVACS_WH_Narrow_AW_4,104,4,auto_from_instance,12,18,4,30,216,,,,,13,6,8,root > V:15 > BH:27 > BH:49 > BH:41 > BH:29 > BH:17 > BH:9 > BV:27,evaluated,2,inf,False,608,261,347,539.0,1.0,1.0,True,True,1,1,0,True,1,1,0,0,True,True,0,12,8,12,8,6,PF_LS,sampled_pool,,,False,0.2777777777777778,0.25561253043063326,0.7222222222222222,0.1,adaptive,remove_random_aisle,offspring,feasible_start_adaptive_spacing,,,,feasible_start_adaptive_spacing,0.5,,True,auto_from_instance,0.75,0.35,"7,9,17,20,25,27,29,30,31,39,49","15,17,19,20,22,24,27,30",,,,,,"H[7,9,17,20,25,27,29,30,31,39,41,49]|V[15,17,19,20,22,24,27,30]",5855b7a2ce0f7102686a835ce8b745d34e7270fe
proposed_nsga2_bs_Gyorgy-KOVACS_WH_Narrow_AW_4_seed_104,proposed_nsga2_bs,Gyorgy-KOVACS_WH_Narrow_AW_4,104,4,auto_from_instance,12,18,4,30,216,,,,,14,6,8,root > V:15 > BH:27 > BH:49 > BH:39 > BH:29 > BH:17 > BH:9 > BV:27,selected,1,inf,True,608,261,347,509.0,1.0,1.0,True,True,1,1,0,True,1,1,0,0,True,True,0,11,8,11,8,6,PF_LS,sampled_pool,,,False,0.2777777777777778,0.25561253043063326,0.7222222222222222,0.1,adaptive,remove_random_aisle,offspring,feasible_start_adaptive_spacing,,,,feasible_start_adaptive_spacing,0.5,,True,auto_from_instance,0.75,0.35,"7,9,17,20,25,27,29,30,31,39,49","15,17,19,20,22,24,27,30",,,,,,"H[7,9,17,20,25,27,29,30,31,39,49]|V[15,17,19,20,22,24,27,30]",fc0563743447995c195c8e655d4713bfa38a660a
proposed_nsga2_bs_Gyorgy-KOVACS_WH_Narrow_AW_4_seed_104,proposed_nsga2_bs,Gyorgy-KOVACS_WH_Narrow_AW_4,104,4,auto_from_instance,12,18,4,30,216,,,,,15,6,8,root > V:15 > BH:27 > BH:49 > BH:41 > BH:29 > BH:17 > BH:9 > BV:25,evaluated,4,inf,False,608,261,347,595.0,1.0,1.0,True,True,1,1,0,True,1,1,0,0,True,True,0,12,9,12,9,6,PF_LS,sampled_pool,,,False,0.2777777777777778,0.25561253043063326,0.7222222222222222,0.1,adaptive,remove_random_aisle,offspring,feasible_start_adaptive_spacing,,,,feasible_start_adaptive_spacing,0.5,,True,auto_from_instance,0.75,0.35,"7,9,17,20,25,27,29,30,31,39,49","15,17,19,20,22,24,27,30",,,,,,"H[7,9,17,20,25,27,29,30,31,39,41,49]|V[15,17,19,20,22,24,25,27,30]",08dfdb08ca75b8739e2c3ffebea5b42db822e898
proposed_nsga2_bs_Gyorgy-KOVACS_WH_Narrow_AW_4_seed_104,proposed_nsga2_bs,Gyorgy-KOVACS_WH_Narrow_AW_4,104,4,auto_from_instance,12,18,4,30,216,,,,,16,6,8,root > V:15 > BH:27 > BH:49 > BH:39 > BH:29 > BH:17 > BH:9 > BV:25,evaluated,3,inf,False,608,261,347,565.0,1.0,1.0,True,True,1,1,0,True,1,1,0,0,True,True,0,11,9,11,9,6,PF_LS,sampled_pool,,,False,0.2777777777777778,0.25561253043063326,0.7222222222222222,0.1,adaptive,remove_random_aisle,offspring,feasible_start_adaptive_spacing,,,,feasible_start_adaptive_spacing,0.5,,True,auto_from_instance,0.75,0.35,"7,9,17,20,25,27,29,30,31,39,49","15,17,19,20,22,24,27,30",,,,,,"H[7,9,17,20,25,27,29,30,31,39,49]|V[15,17,19,20,22,24,25,27,30]",57debfbcb33569e7a9d11cf7896db530f119ad92
proposed_nsga2_bs_Gyorgy-KOVACS_WH_Narrow_AW_4_seed_104,proposed_nsga2_bs,Gyorgy-KOVACS_WH_Narrow_AW_4,104,5,auto_from_instance,12,18,4,30,216,,,,,1,1,4,root > V:28 > BH:27 > BV:21 > BV:21,selected,2,inf,True,680,262,418,576.0,1.0,1.0,True,True,1,1,0,True,1,1,0,0,True,True,0,8,8,8,8,1,LS_PF,sampled_pool,,,False,0.3333333333333333,0.3388355344684667,0.6666666666666667,0.1,adaptive,swap_segments,offspring,feasible_start_adaptive_spacing,,,,feasible_start_adaptive_spacing,0.5,,True,auto_from_instance,0.75,0.35,"7,9,17,21,31,35,52","6,15,19,20,21,22,24,28",,,,,,"H[7,9,17,21,27,31,35,52]|V[6,15,19,20,21,22,24,28]",67a6f4f8f954f77d80a9f7aeff15d9041dc361bd
proposed_nsga2_bs_Gyorgy-KOVACS_WH_Narrow_AW_4_seed_104,proposed_nsga2_bs,Gyorgy-KOVACS_WH_Narrow_AW_4,104,5,auto_from_instance,12,18,4,30,216,,,,,2,1,4,root > V:28 > BH:27 > BV:19 > BV:21,selected,1,inf,True,680,262,418,524.0,1.0,1.0,True,True,1,1,0,True,1,1,0,0,True,True,0,8,8,8,8,1,LS_PF,sampled_pool,,,False,0.3333333333333333,0.3388355344684667,0.6666666666666667,0.1,adaptive,swap_segments,offspring,feasible_start_adaptive_spacing,,,,feasible_start_adaptive_spacing,0.5,,True,auto_from_instance,0.75,0.35,"7,9,17,21,31,35,52","6,15,19,20,21,22,24,28",,,,,,"H[7,9,17,21,27,31,35,52]|V[6,15,19,20,21,22,24,28]",334779b46d5c288ee3031362a71af20db7b63dd5
proposed_nsga2_bs_Gyorgy-KOVACS_WH_Narrow_AW_4_seed_104,proposed_nsga2_bs,Gyorgy-KOVACS_WH_Narrow_AW_4,104,5,auto_from_instance,12,18,4,30,216,,,,,3,1,4,root > V:28 > BH:27 > BV:17 > BV:21,evaluated,2,inf,False,680,262,418,576.0,1.0,1.0,True,True,1,1,0,True,1,1,0,0,True,True,0,8,9,8,9,1,LS_PF,sampled_pool,,,False,0.3333333333333333,0.3388355344684667,0.6666666666666667,0.1,adaptive,swap_segments,offspring,feasible_start_adaptive_spacing,,,,feasible_start_adaptive_spacing,0.5,,True,auto_from_instance,0.75,0.35,"7,9,17,21,31,35,52","6,15,19,20,21,22,24,28",,,,,,"H[7,9,17,21,27,31,35,52]|V[6,15,17,19,20,21,22,24,28]",0cf129bcce89e5f8a26de7d155210a53886c00dc
proposed_nsga2_bs_Gyorgy-KOVACS_WH_Narrow_AW_4_seed_104,proposed_nsga2_bs,Gyorgy-KOVACS_WH_Narrow_AW_4,104,5,auto_from_instance,12,18,4,30,216,,,,,4,1,4,root > V:28 > BH:27 > BV:21 > BV:19,selected,1,0.0,True,680,262,418,524.0,1.0,1.0,True,True,1,1,0,True,1,1,0,0,True,True,0,8,8,8,8,1,LS_PF,sampled_pool,,,False,0.3333333333333333,0.3388355344684667,0.6666666666666667,0.1,adaptive,swap_segments,offspring,feasible_start_adaptive_spacing,,,,feasible_start_adaptive_spacing,0.5,,True,auto_from_instance,0.75,0.35,"7,9,17,21,31,35,52","6,15,19,20,21,22,24,28",,,,,,"H[7,9,17,21,27,31,35,52]|V[6,15,19,20,21,22,24,28]",8f2926ac3d427dac9f2e22e7dbb4782d03fe71f9
proposed_nsga2_bs_Gyorgy-KOVACS_WH_Narrow_AW_4_seed_104,proposed_nsga2_bs,Gyorgy-KOVACS_WH_Narrow_AW_4,104,5,auto_from_instance,12,18,4,30,216,,,,,5,3,4,root > V:27 > BH:27 > BV:19 > BV:19,selected,1,inf,True,684,260,424,484.0,1.0,1.0,True,True,1,1,0,True,1,1,0,0,True,True,0,7,7,7,7,3,RP,sampled_pool,,,False,0.3333333333333333,0.35741095516736493,0.6666666666666667,0.1,adaptive,remove_random_aisle,offspring,feasible_start_adaptive_spacing,,,,feasible_start_adaptive_spacing,0.5,,True,auto_from_instance,0.75,0.35,"7,9,17,27,29,49,50","6,15,19,20,22,27,30",,,,,,"H[7,9,17,27,29,49,50]|V[6,15,19,20,22,27,30]",9baad5a6d6d08df213ec54891109e23b1069a9a5
proposed_nsga2_bs_Gyorgy-KOVACS_WH_Narrow_AW_4_seed_104,proposed_nsga2_bs,Gyorgy-KOVACS_WH_Narrow_AW_4,104,5,auto_from_instance,12,18,4,30,216,,,,,6,3,4,root > V:27 > BH:27 > BV:17 > BV:19,selected,1,0.0,True,684,260,424,484.0,1.0,1.0,True,True,1,1,0,True,1,1,0,0,True,True,0,7,8,7,8,3,RP,sampled_pool,,,False,0.3333333333333333,0.35741095516736493,0.6666666666666667,0.1,adaptive,remove_random_aisle,offspring,feasible_start_adaptive_spacing,,,,feasible_start_adaptive_spacing,0.5,,True,auto_from_instance,0.75,0.35,"7,9,17,27,29,49,50","6,15,19,20,22,27,30",,,,,,"H[7,9,17,27,29,49,50]|V[6,15,17,19,20,22,27,30]",7ea492661f4a7d780540a41c5bfc758906148e19
proposed_nsga2_bs_Gyorgy-KOVACS_WH_Narrow_AW_4_seed_104,proposed_nsga2_bs,Gyorgy-KOVACS_WH_Narrow_AW_4,104,5,auto_from_instance,12,18,4,30,216,,,,,7,3,4,root > V:27 > BH:27 > BV:19 > BV:17,selected,1,0.0,True,684,260,424,484.0,1.0,1.0,True,True,1,1,0,True,1,1,0,0,True,True,0,7,8,7,8,3,RP,sampled_pool,,,False,0.3333333333333333,0.35741095516736493,0.6666666666666667,0.1,adaptive,remove_random_aisle,offspring,feasible_start_adaptive_spacing,,,,feasible_start_adaptive_spacing,0.5,,True,auto_from_instance,0.75,0.35,"7,9,17,27,29,49,50","6,15,19,20,22,27,30",,,,,,"H[7,9,17,27,29,49,50]|V[6,15,17,19,20,22,27,30]",59c55a28d53f47701301421f850890ad1de7d63b
proposed_nsga2_bs_Gyorgy-KOVACS_WH_Narrow_AW_4_seed_104,proposed_nsga2_bs,Gyorgy-KOVACS_WH_Narrow_AW_4,104,5,auto_from_instance,12,18,4,30,216,,,,,8,3,4,root > V:27 > BH:27 > BV:17 > BV:17,selected,1,inf,True,684,260,424,484.0,1.0,1.0,True,True,1,1,0,True,1,1,0,0,True,True,0,7,8,7,8,3,RP,sampled_pool,,,False,0.3333333333333333,0.35741095516736493,0.6666666666666667,0.1,adaptive,remove_random_aisle,offspring,feasible_start_adaptive_spacing,,,,feasible_start_adaptive_spacing,0.5,,True,auto_from_instance,0.75,0.35,"7,9,17,27,29,49,50","6,15,19,20,22,27,30",,,,,,"H[7,9,17,27,29,49,50]|V[6,15,17,19,20,22,27,30]",6732d5258a9313035bead181283e041def90bbb2
proposed_nsga2_bs_Gyorgy-KOVACS_WH_Narrow_AW_4_seed_104,proposed_nsga2_bs,Gyorgy-KOVACS_WH_Narrow_AW_4,104,5,auto_from_instance,12,18,4,30,216,,,,,9,4,4,root > V:28 > BH:27 > BV:19 > BV:19,selected,0,inf,True,680,262,418,472.0,1.0,1.0,True,True,1,1,0,True,1,1,0,0,True,True,0,9,9,9,9,4,PF_LS_RP,sampled_pool,,,False,0.3333333333333333,0.3273762710490219,0.6666666666666667,0.1,adaptive,insert_random_aisle,offspring,feasible_start_adaptive_spacing,,,,feasible_start_adaptive_spacing,0.5,,True,auto_from_instance,0.75,0.35,"7,8,9,17,23,27,29,39,52","10,13,15,17,19,20,22,24,28",,,,,,"H[7,8,9,17,23,27,29,39,52]|V[10,13,15,17,19,20,22,24,28]",fc4825140fa5e2560776b4b932f5ef46c1588f36
proposed_nsga2_bs_Gyorgy-KOVACS_WH_Narrow_AW_4_seed_104,proposed_nsga2_bs,Gyorgy-KOVACS_WH_Narrow_AW_4,104,5,auto_from_instance,12,18,4,30,216,,,,,10,4,4,root > V:28 > BH:27 > BV:19 > BV:17,selected,1,inf,True,680,262,418,524.0,1.0,1.0,True,True,1,1,0,True,1,1,0,0,True,True,0,9,9,9,9,4,PF_LS_RP,sampled_pool,,,False,0.3333333333333333,0.3273762710490219,0.6666666666666667,0.1,adaptive,insert_random_aisle,offspring,feasible_start_adaptive_spacing,,,,feasible_start_adaptive_spacing,0.5,,True,auto_from_instance,0.75,0.35,"7,8,9,17,23,27,29,39,52","10,13,15,17,19,20,22,24,28",,,,,,"H[7,8,9,17,23,27,29,39,52]|V[10,13,15,17,19,20,22,24,28]",c3a8d798cccc0ae6137f5d1801f12286f82d75a7
proposed_nsga2_bs_Gyorgy-KOVACS_WH_Narrow_AW_4_seed_104,proposed_nsga2_bs,Gyorgy-KOVACS_WH_Narrow_AW_4,104,5,auto_from_instance,12,18,4,30,216,,,,,11,6,8,root > V:15 > BH:27 > BH:49 > BH:41 > BH:29 > BH:17 > BH:9 > BV:27,evaluated,2,inf,False,608,261,347,539.0,1.0,1.0,True,True,1,1,0,True,1,1,0,0,True,True,0,13,8,13,8,6,PF_LS,sampled_pool,,,False,0.3333333333333333,0.3280200172050018,0.6666666666666667,0.1,adaptive,break_symmetry,offspring,feasible_start_adaptive_spacing,,,,feasible_start_adaptive_spacing,0.5,,True,auto_from_instance,0.75,0.35,"8,9,17,20,25,27,29,30,31,39,49,50","10,15,17,19,20,22,27,30",,,,,,"H[8,9,17,20,25,27,29,30,31,39,41,49,50]|V[10,15,17,19,20,22,27,30]",5855b7a2ce0f7102686a835ce8b745d34e7270fe
proposed_nsga2_bs_Gyorgy-KOVACS_WH_Narrow_AW_4_seed_104,proposed_nsga2_bs,Gyorgy-KOVACS_WH_Narrow_AW_4,104,5,auto_from_instance,12,18,4,30,216,,,,,12,6,8,root > V:15 > BH:27 > BH:49 > BH:39 > BH:29 > BH:17 > BH:9 > BV:27,selected,1,inf,True,608,261,347,509.0,1.0,1.0,True,True,1,1,0,True,1,1,0,0,True,True,0,12,8,12,8,6,PF_LS,sampled_pool,,,False,0.3333333333333333,0.3280200172050018,0.6666666666666667,0.1,adaptive,break_symmetry,offspring,feasible_start_adaptive_spacing,,,,feasible_start_adaptive_spacing,0.5,,True,auto_from_instance,0.75,0.35,"8,9,17,20,25,27,29,30,31,39,49,50","10,15,17,19,20,22,27,30",,,,,,"H[8,9,17,20,25,27,29,30,31,39,49,50]|V[10,15,17,19,20,22,27,30]",fc0563743447995c195c8e655d4713bfa38a660a
proposed_nsga2_bs_Gyorgy-KOVACS_WH_Narrow_AW_4_seed_104,proposed_nsga2_bs,Gyorgy-KOVACS_WH_Narrow_AW_4,104,5,auto_from_instance,12,18,4,30,216,,,,,13,6,8,root > V:15 > BH:27 > BH:49 > BH:41 > BH:29 > BH:17 > BH:9 > BV:25,evaluated,4,inf,False,608,261,347,595.0,1.0,1.0,True,True,1,1,0,True,1,1,0,0,True,True,0,13,9,13,9,6,PF_LS,sampled_pool,,,False,0.3333333333333333,0.3280200172050018,0.6666666666666667,0.1,adaptive,break_symmetry,offspring,feasible_start_adaptive_spacing,,,,feasible_start_adaptive_spacing,0.5,,True,auto_from_instance,0.75,0.35,"8,9,17,20,25,27,29,30,31,39,49,50","10,15,17,19,20,22,27,30",,,,,,"H[8,9,17,20,25,27,29,30,31,39,41,49,50]|V[10,15,17,19,20,22,25,27,30]",08dfdb08ca75b8739e2c3ffebea5b42db822e898
proposed_nsga2_bs_Gyorgy-KOVACS_WH_Narrow_AW_4_seed_104,proposed_nsga2_bs,Gyorgy-KOVACS_WH_Narrow_AW_4,104,5,auto_from_instance,12,18,4,30,216,,,,,14,6,8,root > V:15 > BH:27 > BH:49 > BH:39 > BH:29 > BH:17 > BH:9 > BV:25,evaluated,3,inf,False,608,261,347,565.0,1.0,1.0,True,True,1,1,0,True,1,1,0,0,True,True,0,12,9,12,9,6,PF_LS,sampled_pool,,,False,0.3333333333333333,0.3280200172050018,0.6666666666666667,0.1,adaptive,break_symmetry,offspring,feasible_start_adaptive_spacing,,,,feasible_start_adaptive_spacing,0.5,,True,auto_from_instance,0.75,0.35,"8,9,17,20,25,27,29,30,31,39,49,50","10,15,17,19,20,22,27,30",,,,,,"H[8,9,17,20,25,27,29,30,31,39,49,50]|V[10,15,17,19,20,22,25,27,30]",57debfbcb33569e7a9d11cf7896db530f119ad92
proposed_nsga2_bs_Gyorgy-KOVACS_WH_Narrow_AW_4_seed_104,proposed_nsga2_bs,Gyorgy-KOVACS_WH_Narrow_AW_4,104,5,auto_from_instance,12,18,4,30,216,,,,,15,8,9,root > V:15 > BH:27 > BH:5 > BH:15 > BH:25 > BH:37 > BH:47 > BV:23 > BV:30,selected,0,inf,True,592,261,331,462.0,1.0,1.0,True,True,1,1,0,True,1,1,0,0,True,True,0,14,8,14,8,8,LS_RP,sampled_pool,,,False,0.3333333333333333,0.32909874104438563,0.6666666666666667,0.1,adaptive,break_symmetry,offspring,feasible_start_adaptive_spacing,,,,feasible_start_adaptive_spacing,0.5,,True,auto_from_instance,0.75,0.35,"7,9,17,22,27,29,39,49,52","15,17,19,20,22,23,27,30",,,,,,"H[5,7,9,15,17,22,25,27,29,37,39,47,49,52]|V[15,17,19,20,22,23,27,30]",9ee2190bb5e677e5dd6004d3c767bf39ff3449fb
proposed_nsga2_bs_Gyorgy-KOVACS_WH_Narrow_AW_4_seed_104,proposed_nsga2_bs,Gyorgy-KOVACS_WH_Narrow_AW_4,104,5,auto_from_instance,12,18,4,30,216,,,,,16,8,9,root > V:15 > BH:27 > BH:49 > BH:39 > BH:29 > BH:17 > BH:7 > BV:23 > BV:30,selected,0,inf,True,592,261,331,462.0,1.0,1.0,True,True,1,1,0,True,1,1,0,0,True,True,0,9,8,9,8,8,LS_RP,sampled_pool,,,False,0.3333333333333333,0.32909874104438563,0.6666666666666667,0.1,adaptive,break_symmetry,offspring,feasible_start_adaptive_spacing,,,,feasible_start_adaptive_spacing,0.5,,True,auto_from_instance,0.75,0.35,"7,9,17,22,27,29,39,49,52","15,17,19,20,22,23,27,30",,,,,,"H[7,9,17,22,27,29,39,49,52]|V[15,17,19,20,22,23,27,30]",eef866e48d563b788dc6683537da31dffdbde584
proposed_nsga2_bs_Gyorgy-KOVACS_WH_Narrow_AW_4_seed_104,proposed_nsga2_bs,Gyorgy-KOVACS_WH_Narrow_AW_4,104,6,auto_from_instance,12,18,4,30,216,,,,,1,1,4,root > V:27 > BH:27 > BV:19 > BV:19,selected,1,inf,True,684,260,424,484.0,1.0,1.0,True,True,1,1,0,True,1,1,0,0,True,True,0,7,8,7,8,1,LS,sampled_pool,,,False,0.3888888888888889,0.39829608967624264,0.6111111111111112,0.1,adaptive,swap_segments,offspring,feasible_start_adaptive_spacing,,,,feasible_start_adaptive_spacing,0.5,,True,auto_from_instance,0.75,0.35,"7,9,17,27,29,49,50","6,8,10,19,20,22,27,30",,,,,,"H[7,9,17,27,29,49,50]|V[6,8,10,19,20,22,27,30]",9baad5a6d6d08df213ec54891109e23b1069a9a5
proposed_nsga2_bs_Gyorgy-KOVACS_WH_Narrow_AW_4_seed_104,proposed_nsga2_bs,Gyorgy-KOVACS_WH_Narrow_AW_4,104,6,auto_from_instance,12,18,4,30,216,,,,,2,1,4,root > V:27 > BH:27 > BV:17 > BV:19,selected,1,0.0,True,684,260,424,484.0,1.0,1.0,True,True,1,1,0,True,1,1,0,0,True,True,0,7,9,7,9,1,LS,sampled_pool,,,False,0.3888888888888889,0.39829608967624264,0.6111111111111112,0.1,adaptive,swap_segments,offspring,feasible_start_adaptive_spacing,,,,feasible_start_adaptive_spacing,0.5,,True,auto_from_instance,0.75,0.35,"7,9,17,27,29,49,50","6,8,10,19,20,22,27,30",,,,,,"H[7,9,17,27,29,49,50]|V[6,8,10,17,19,20,22,27,30]",7ea492661f4a7d780540a41c5bfc758906148e19
proposed_nsga2_bs_Gyorgy-KOVACS_WH_Narrow_AW_4_seed_104,proposed_nsga2_bs,Gyorgy-KOVACS_WH_Narrow_AW_4,104,6,auto_from_instance,12,18,4,30,216,,,,,3,1,4,root > V:27 > BH:27 > BV:19 > BV:17,selected,1,0.0,True,684,260,424,484.0,1.0,1.0,True,True,1,1,0,True,1,1,0,0,True,True,0,7,9,7,9,1,LS,sampled_pool,,,False,0.3888888888888889,0.39829608967624264,0.6111111111111112,0.1,adaptive,swap_segments,offspring,feasible_start_adaptive_spacing,,,,feasible_start_adaptive_spacing,0.5,,True,auto_from_instance,0.75,0.35,"7,9,17,27,29,49,50","6,8,10,19,20,22,27,30",,,,,,"H[7,9,17,27,29,49,50]|V[6,8,10,17,19,20,22,27,30]",59c55a28d53f47701301421f850890ad1de7d63b
proposed_nsga2_bs_Gyorgy-KOVACS_WH_Narrow_AW_4_seed_104,proposed_nsga2_bs,Gyorgy-KOVACS_WH_Narrow_AW_4,104,6,auto_from_instance,12,18,4,30,216,,,,,4,1,4,root > V:27 > BH:27 > BV:17 > BV:17,selected,1,inf,True,684,260,424,484.0,1.0,1.0,True,True,1,1,0,True,1,1,0,0,True,True,0,7,9,7,9,1,LS,sampled_pool,,,False,0.3888888888888889,0.39829608967624264,0.6111111111111112,0.1,adaptive,swap_segments,offspring,feasible_start_adaptive_spacing,,,,feasible_start_adaptive_spacing,0.5,,True,auto_from_instance,0.75,0.35,"7,9,17,27,29,49,50","6,8,10,19,20,22,27,30",,,,,,"H[7,9,17,27,29,49,50]|V[6,8,10,17,19,20,22,27,30]",6732d5258a9313035bead181283e041def90bbb2
proposed_nsga2_bs_Gyorgy-KOVACS_WH_Narrow_AW_4_seed_104,proposed_nsga2_bs,Gyorgy-KOVACS_WH_Narrow_AW_4,104,6,auto_from_instance,12,18,4,30,216,,,,,5,3,8,root > V:17 > BH:27 > BH:5 > BH:15 > BH:25 > BH:37 > BH:47 > BV:27,selected,1,1.9011688311688313,True,648,237,411,490.0,1.0,1.0,True,True,1,1,0,True,1,1,0,0,True,True,0,13,8,13,8,3,PF_RP,sampled_pool,,,False,0.3888888888888889,0.42600414380072643,0.6111111111111112,0.1,adaptive,bit_flip,offspring,feasible_start_adaptive_spacing,,,,feasible_start_adaptive_spacing,0.5,,True,auto_from_instance,0.75,0.35,"7,9,17,27,29,39,49,52","15,17,19,20,22,27,29,30",,,,,,"H[5,7,9,15,17,25,27,29,37,39,47,49,52]|V[15,17,19,20,22,27,29,30]",3ab80a1d8e68880e815ad780c83cfc2449e7f93f
proposed_nsga2_bs_Gyorgy-KOVACS_WH_Narrow_AW_4_seed_104,proposed_nsga2_bs,Gyorgy-KOVACS_WH_Narrow_AW_4,104,6,auto_from_instance,12,18,4,30,216,,,,,6,3,8,root > V:17 > BH:27 > BH:49 > BH:39 > BH:29 > BH:17 > BH:7 > BV:27,selected,1,inf,True,648,237,411,490.0,1.0,1.0,True,True,1,1,0,True,1,1,0,0,True,True,0,8,8,8,8,3,PF_RP,sampled_pool,,,False,0.3888888888888889,0.42600414380072643,0.6111111111111112,0.1,adaptive,bit_flip,offspring,feasible_start_adaptive_spacing,,,,feasible_start_adaptive_spacing,0.5,,True,auto_from_instance,0.75,0.35,"7,9,17,27,29,39,49,52","15,17,19,20,22,27,29,30",,,,,,"H[7,9,17,27,29,39,49,52]|V[15,17,19,20,22,27,29,30]",451b31cd7494c0e29ac39737991e84853f054397
proposed_nsga2_bs_Gyorgy-KOVACS_WH_Narrow_AW_4_seed_104,proposed_nsga2_bs,Gyorgy-KOVACS_WH_Narrow_AW_4,104,6,auto_from_instance,12,18,4,30,216,,,,,7,3,8,root > V:17 > BH:27 > BH:5 > BH:15 > BH:25 > BH:37 > BH:47 > BV:25,evaluated,3,inf,False,648,237,411,544.0,1.0,1.0,True,True,1,1,0,True,1,1,0,0,True,True,0,13,9,13,9,3,PF_RP,sampled_pool,,,False,0.3888888888888889,0.42600414380072643,0.6111111111111112,0.1,adaptive,bit_flip,offspring,feasible_start_adaptive_spacing,,,,feasible_start_adaptive_spacing,0.5,,True,auto_from_instance,0.75,0.35,"7,9,17,27,29,39,49,52","15,17,19,20,22,27,29,30",,,,,,"H[5,7,9,15,17,25,27,29,37,39,47,49,52]|V[15,17,19,20,22,25,27,29,30]",24e93b3467ee5334276be59c5b6e878bb2e06a66
proposed_nsga2_bs_Gyorgy-KOVACS_WH_Narrow_AW_4_seed_104,proposed_nsga2_bs,Gyorgy-KOVACS_WH_Narrow_AW_4,104,6,auto_from_instance,12,18,4,30,216,,,,,8,3,8,root > V:17 > BH:27 > BH:49 > BH:39 > BH:29 > BH:17 > BH:7 > BV:25,evaluated,3,inf,False,648,237,411,544.0,1.0,1.0,True,True,1,1,0,True,1,1,0,0,True,True,0,8,9,8,9,3,PF_RP,sampled_pool,,,False,0.3888888888888889,0.42600414380072643,0.6111111111111112,0.1,adaptive,bit_flip,offspring,feasible_start_adaptive_spacing,,,,feasible_start_adaptive_spacing,0.5,,True,auto_from_instance,0.75,0.35,"7,9,17,27,29,39,49,52","15,17,19,20,22,27,29,30",,,,,,"H[7,9,17,27,29,39,49,52]|V[15,17,19,20,22,25,27,29,30]",19631d63ec0204b55a5a6d539d26aaf84a80581d
proposed_nsga2_bs_Gyorgy-KOVACS_WH_Narrow_AW_4_seed_104,proposed_nsga2_bs,Gyorgy-KOVACS_WH_Narrow_AW_4,104,6,auto_from_instance,12,18,4,30,216,,,,,9,4,9,root > V:15 > BH:27 > BH:5 > BH:15 > BH:25 > BH:37 > BH:47 > BV:23 > BV:30,selected,0,inf,True,592,261,331,462.0,1.0,1.0,True,True,1,1,0,True,1,1,0,0,True,True,0,12,9,12,9,4,LS_SS,sampled_pool,,,True,0.3888888888888889,0.4062101536800593,0.6111111111111112,0.1,adaptive,remove_random_aisle,offspring,feasible_start_adaptive_spacing,,,,feasible_start_adaptive_spacing,0.5,,True,auto_from_instance,0.75,0.35,"7,9,17,22,27,29,50","6,15,17,19,20,22,23,27,30",,,,,,"H[5,7,9,15,17,22,25,27,29,37,47,50]|V[6,15,17,19,20,22,23,27,30]",9ee2190bb5e677e5dd6004d3c767bf39ff3449fb
proposed_nsga2_bs_Gyorgy-KOVACS_WH_Narrow_AW_4_seed_104,proposed_nsga2_bs,Gyorgy-KOVACS_WH_Narrow_AW_4,104,6,auto_from_instance,12,18,4,30,216,,,,,10,4,9,root > V:15 > BH:27 > BH:49 > BH:39 > BH:29 > BH:17 > BH:7 > BV:23 > BV:30,selected,0,inf,True,592,261,331,462.0,1.0,1.0,True,True,1,1,0,True,1,1,0,0,True,True,0,9,9,9,9,4,LS_SS,sampled_pool,,,True,0.3888888888888889,0.4062101536800593,0.6111111111111112,0.1,adaptive,remove_random_aisle,offspring,feasible_start_adaptive_spacing,,,,feasible_start_adaptive_spacing,0.5,,True,auto_from_instance,0.75,0.35,"7,9,17,22,27,29,50","6,15,17,19,20,22,23,27,30",,,,,,"H[7,9,17,22,27,29,39,49,50]|V[6,15,17,19,20,22,23,27,30]",eef866e48d563b788dc6683537da31dffdbde584
proposed_nsga2_bs_Gyorgy-KOVACS_WH_Narrow_AW_4_seed_104,proposed_nsga2_bs,Gyorgy-KOVACS_WH_Narrow_AW_4,104,6,auto_from_instance,12,18,4,30,216,,,,,11,5,4,root > V:28 > BH:27 > BV:19 > BV:19,selected,0,inf,True,680,262,418,472.0,1.0,1.0,True,True,1,1,0,True,1,1,0,0,True,True,0,10,11,10,11,5,LS_RP,sampled_pool,,,False,0.3888888888888889,0.32577127566062936,0.6111111111111112,0.1,adaptive,spacing_aware_flip,offspring,feasible_start_adaptive_spacing,,,,feasible_start_adaptive_spacing,0.5,,True,auto_from_instance,0.75,0.35,"7,8,9,17,23,27,29,39,49,50","6,10,13,15,17,19,20,22,24,28,34",,,,,,"H[7,8,9,17,23,27,29,39,49,50]|V[6,10,13,15,17,19,20,22,24,28,34]",fc4825140fa5e2560776b4b932f5ef46c1588f36
proposed_nsga2_bs_Gyorgy-KOVACS_WH_Narrow_AW_4_seed_104,proposed_nsga2_bs,Gyorgy-KOVACS_WH_Narrow_AW_4,104,6,auto_from_instance,12,18,4,30,216,,,,,12,5,4,root > V:28 > BH:27 > BV:19 > BV:21,selected,1,inf,True,680,262,418,524.0,1.0,1.0,True,True,1,1,0,True,1,1,0,0,True,True,0,10,12,10,12,5,LS_RP,sampled_pool,,,False,0.3888888888888889,0.32577127566062936,0.6111111111111112,0.1,adaptive,spacing_aware_flip,offspring,feasible_start_adaptive_spacing,,,,feasible_start_adaptive_spacing,0.5,,True,auto_from_instance,0.75,0.35,"7,8,9,17,23,27,29,39,49,50","6,10,13,15,17,19,20,22,24,28,34",,,,,,"H[7,8,9,17,23,27,29,39,49,50]|V[6,10,13,15,17,19,20,21,22,24,28,34]",334779b46d5c288ee3031362a71af20db7b63dd5
proposed_nsga2_bs_Gyorgy-KOVACS_WH_Narrow_AW_4_seed_104,proposed_nsga2_bs,Gyorgy-KOVACS_WH_Narrow_AW_4,104,6,auto_from_instance,12,18,4,30,216,,,,,13,5,4,root > V:28 > BH:27 > BV:19 > BV:21,evaluated,1,0.0,False,680,262,418,524.0,1.0,1.0,True,True,1,1,0,True,1,1,0,0,True,True,0,10,12,10,12,5,LS_RP,sampled_pool,,,False,0.3888888888888889,0.32577127566062936,0.6111111111111112,0.1,adaptive,spacing_aware_flip,offspring,feasible_start_adaptive_spacing,,,,feasible_start_adaptive_spacing,0.5,,True,auto_from_instance,0.75,0.35,"7,8,9,17,23,27,29,39,49,50","6,10,13,15,17,19,20,22,24,28,34",,,,,,"H[7,8,9,17,23,27,29,39,49,50]|V[6,10,13,15,17,19,20,21,22,24,28,34]",8f2926ac3d427dac9f2e22e7dbb4782d03fe71f9
proposed_nsga2_bs_Gyorgy-KOVACS_WH_Narrow_AW_4_seed_104,proposed_nsga2_bs,Gyorgy-KOVACS_WH_Narrow_AW_4,104,6,auto_from_instance,12,18,4,30,216,,,,,14,5,4,root > V:28 > BH:27 > BV:19 > BV:17,selected,1,inf,True,680,262,418,524.0,1.0,1.0,True,True,1,1,0,True,1,1,0,0,True,True,0,10,11,10,11,5,LS_RP,sampled_pool,,,False,0.3888888888888889,0.32577127566062936,0.6111111111111112,0.1,adaptive,spacing_aware_flip,offspring,feasible_start_adaptive_spacing,,,,feasible_start_adaptive_spacing,0.5,,True,auto_from_instance,0.75,0.35,"7,8,9,17,23,27,29,39,49,50","6,10,13,15,17,19,20,22,24,28,34",,,,,,"H[7,8,9,17,23,27,29,39,49,50]|V[6,10,13,15,17,19,20,22,24,28,34]",c3a8d798cccc0ae6137f5d1801f12286f82d75a7
proposed_nsga2_bs_Gyorgy-KOVACS_WH_Narrow_AW_4_seed_104,proposed_nsga2_bs,Gyorgy-KOVACS_WH_Narrow_AW_4,104,6,auto_from_instance,12,18,4,30,216,,,,,15,9,4,root > V:28 > BH:27 > BV:21 > BV:21,evaluated,2,inf,False,680,262,418,576.0,1.0,1.0,True,True,1,1,0,True,1,1,0,0,True,True,0,13,10,13,10,9,LS_PF,sampled_pool,,,False,0.3888888888888889,0.3772385066639714,0.6111111111111112,0.1,adaptive,spacing_aware_flip,offspring,feasible_start_adaptive_spacing,,,,feasible_start_adaptive_spacing,0.5,,True,auto_from_instance,0.75,0.35,"8,9,17,23,25,27,29,30,31,35,39,49,50","10,13,15,17,19,20,22,24,28",,,,,,"H[8,9,17,23,25,27,29,30,31,35,39,49,50]|V[10,13,15,17,19,20,21,22,24,28]",67a6f4f8f954f77d80a9f7aeff15d9041dc361bd
proposed_nsga2_bs_Gyorgy-KOVACS_WH_Narrow_AW_4_seed_104,proposed_nsga2_bs,Gyorgy-KOVACS_WH_Narrow_AW_4,104,6,auto_from_instance,12,18,4,30,216,,,,,16,9,4,root > V:28 > BH:27 > BV:17 > BV:21,evaluated,2,inf,False,680,262,418,576.0,1.0,1.0,True,True,1,1,0,True,1,1,0,0,True,True,0,13,10,13,10,9,LS_PF,sampled_pool,,,False,0.3888888888888889,0.3772385066639714,0.6111111111111112,0.1,adaptive,spacing_aware_flip,offspring,feasible_start_adaptive_spacing,,,,feasible_start_adaptive_spacing,0.5,,True,auto_from_instance,0.75,0.35,"8,9,17,23,25,27,29,30,31,35,39,49,50","10,13,15,17,19,20,22,24,28",,,,,,"H[8,9,17,23,25,27,29,30,31,35,39,49,50]|V[10,13,15,17,19,20,21,22,24,28]",0cf129bcce89e5f8a26de7d155210a53886c00dc
proposed_nsga2_bs_Gyorgy-KOVACS_WH_Narrow_AW_4_seed_104,proposed_nsga2_bs,Gyorgy-KOVACS_WH_Narrow_AW_4,104,6,auto_from_instance,12,18,4,30,216,,,,,17,10,8,root > V:15 > BH:27 > BH:49 > BH:41 > BH:29 > BH:17 > BH:9 > BV:27,evaluated,2,inf,False,608,261,347,539.0,1.0,1.0,True,True,1,1,0,True,1,1,0,0,True,True,0,11,9,11,9,10,LS_PF,sampled_pool,,,False,0.3888888888888889,0.37516292786510014,0.6111111111111112,0.1,adaptive,spacing_aware_flip,offspring,feasible_start_adaptive_spacing,,,,feasible_start_adaptive_spacing,0.5,,True,auto_from_instance,0.75,0.35,"7,8,9,17,20,27,29,39,52","1,10,15,17,19,20,22,27,30",,,,,,"H[7,8,9,17,20,27,29,39,41,49,52]|V[1,10,15,17,19,20,22,27,30]",5855b7a2ce0f7102686a835ce8b745d34e7270fe
proposed_nsga2_bs_Gyorgy-KOVACS_WH_Narrow_AW_4_seed_104,proposed_nsga2_bs,Gyorgy-KOVACS_WH_Narrow_AW_4,104,6,auto_from_instance,12,18,4,30,216,,,,,18,10,8,root > V:15 > BH:27 > BH:49 > BH:39 > BH:29 > BH:17 > BH:9 > BV:27,selected,1,inf,True,608,261,347,509.0,1.0,1.0,True,True,1,1,0,True,1,1,0,0,True,True,0,10,9,10,9,10,LS_PF,sampled_pool,,,False,0.3888888888888889,0.37516292786510014,0.6111111111111112,0.1,adaptive,spacing_aware_flip,offspring,feasible_start_adaptive_spacing,,,,feasible_start_adaptive_spacing,0.5,,True,auto_from_instance,0.75,0.35,"7,8,9,17,20,27,29,39,52","1,10,15,17,19,20,22,27,30",,,,,,"H[7,8,9,17,20,27,29,39,49,52]|V[1,10,15,17,19,20,22,27,30]",fc0563743447995c195c8e655d4713bfa38a660a
proposed_nsga2_bs_Gyorgy-KOVACS_WH_Narrow_AW_4_seed_104,proposed_nsga2_bs,Gyorgy-KOVACS_WH_Narrow_AW_4,104,6,auto_from_instance,12,18,4,30,216,,,,,19,10,8,root > V:15 > BH:27 > BH:49 > BH:41 > BH:29 > BH:17 > BH:9 > BV:25,evaluated,4,inf,False,608,261,347,595.0,1.0,1.0,True,True,1,1,0,True,1,1,0,0,True,True,0,11,10,11,10,10,LS_PF,sampled_pool,,,False,0.3888888888888889,0.37516292786510014,0.6111111111111112,0.1,adaptive,spacing_aware_flip,offspring,feasible_start_adaptive_spacing,,,,feasible_start_adaptive_spacing,0.5,,True,auto_from_instance,0.75,0.35,"7,8,9,17,20,27,29,39,52","1,10,15,17,19,20,22,27,30",,,,,,"H[7,8,9,17,20,27,29,39,41,49,52]|V[1,10,15,17,19,20,22,25,27,30]",08dfdb08ca75b8739e2c3ffebea5b42db822e898
proposed_nsga2_bs_Gyorgy-KOVACS_WH_Narrow_AW_4_seed_104,proposed_nsga2_bs,Gyorgy-KOVACS_WH_Narrow_AW_4,104,6,auto_from_instance,12,18,4,30,216,,,,,20,10,8,root > V:15 > BH:27 > BH:49 > BH:39 > BH:29 > BH:17 > BH:9 > BV:25,evaluated,3,inf,False,608,261,347,565.0,1.0,1.0,True,True,1,1,0,True,1,1,0,0,True,True,0,10,10,10,10,10,LS_PF,sampled_pool,,,False,0.3888888888888889,0.37516292786510014,0.6111111111111112,0.1,adaptive,spacing_aware_flip,offspring,feasible_start_adaptive_spacing,,,,feasible_start_adaptive_spacing,0.5,,True,auto_from_instance,0.75,0.35,"7,8,9,17,20,27,29,39,52","1,10,15,17,19,20,22,27,30",,,,,,"H[7,8,9,17,20,27,29,39,49,52]|V[1,10,15,17,19,20,22,25,27,30]",57debfbcb33569e7a9d11cf7896db530f119ad92
proposed_nsga2_bs_Gyorgy-KOVACS_WH_Narrow_AW_4_seed_104,proposed_nsga2_bs,Gyorgy-KOVACS_WH_Narrow_AW_4,104,7,auto_from_instance,12,18,4,30,216,,,,,1,1,9,root > V:15 > BH:27 > BH:5 > BH:15 > BH:25 > BH:37 > BH:47 > BV:23 > BV:30,selected,0,inf,True,592,261,331,462.0,1.0,1.0,True,True,1,1,0,True,1,1,0,0,True,True,0,14,11,14,11,1,LS_SS,sampled_pool,,,True,0.4444444444444444,0.5114434307730603,0.5555555555555556,0.1,adaptive,break_symmetry,offspring,feasible_start_adaptive_spacing,,,,feasible_start_adaptive_spacing,0.5,,True,auto_from_instance,0.75,0.35,"7,9,17,23,27,29,39,49,50","6,9,13,15,17,19,20,22,27,30",,,,,,"H[5,7,9,15,17,23,25,27,29,37,39,47,49,50]|V[6,9,13,15,17,19,20,22,23,27,30]",9ee2190bb5e677e5dd6004d3c767bf39ff3449fb
proposed_nsga2_bs_Gyorgy-KOVACS_WH_Narrow_AW_4_seed_104,proposed_nsga2_bs,Gyorgy-KOVACS_WH_Narrow_AW_4,104,7,auto_from_instance,12,18,4,30,216,,,,,2,1,9,root > V:15 > BH:27 > BH:49 > BH:39 > BH:29 > BH:17 > BH:7 > BV:23 > BV:30,selected,0,inf,True,592,261,331,462.0,1.0,1.0,True,True,1,1,0,True,1,1,0,0,True,True,0,9,11,9,11,1,LS_SS,sampled_pool,,,True,0.4444444444444444,0.5114434307730603,0.5555555555555556,0.1,adaptive,break_symmetry,offspring,feasible_start_adaptive_spacing,,,,feasible_start_adaptive_spacing,0.5,,True,auto_from_instance,0.75,0.35,"7,9,17,23,27,29,39,49,50","6,9,13,15,17,19,20,22,27,30",,,,,,"H[7,9,17,23,27,29,39,49,50]|V[6,9,13,15,17,19,20,22,23,27,30]",eef866e48d563b788dc6683537da31dffdbde584
proposed_nsga2_bs_Gyorgy-KOVACS_WH_Narrow_AW_4_seed_104,proposed_nsga2_bs,Gyorgy-KOVACS_WH_Narrow_AW_4,104,7,auto_from_instance,12,18,4,30,216,,,,,3,2,4,root > V:28 > BH:27 > BV:19 > BV:19,selected,0,inf,True,680,262,418,472.0,1.0,1.0,True,True,1,1,0,True,1,1,0,0,True,True,0,9,9,9,9,2,PF_LS_RP,sampled_pool,,,False,0.4444444444444444,0.3982730176607191,0.5555555555555556,0.1,adaptive,insert_random_aisle,offspring,feasible_start_adaptive_spacing,,,,feasible_start_adaptive_spacing,0.5,,True,auto_from_instance,0.75,0.35,"2,7,8,9,17,27,29,49,50","6,8,10,19,20,22,24,28,34",,,,,,"H[2,7,8,9,17,27,29,49,50]|V[6,8,10,19,20,22,24,28,34]",fc4825140fa5e2560776b4b932f5ef46c1588f36
proposed_nsga2_bs_Gyorgy-KOVACS_WH_Narrow_AW_4_seed_104,proposed_nsga2_bs,Gyorgy-KOVACS_WH_Narrow_AW_4,104,7,auto_from_instance,12,18,4,30,216,,,,,4,2,4,root > V:28 > BH:27 > BV:19 > BV:21,selected,1,inf,True,680,262,418,524.0,1.0,1.0,True,True,1,1,0,True,1,1,0,0,True,True,0,9,10,9,10,2,PF_LS_RP,sampled_pool,,,False,0.4444444444444444,0.3982730176607191,0.5555555555555556,0.1,adaptive,insert_random_aisle,offspring,feasible_start_adaptive_spacing,,,,feasible_start_adaptive_spacing,0.5,,True,auto_from_instance,0.75,0.35,"2,7,8,9,17,27,29,49,50","6,8,10,19,20,22,24,28,34",,,,,,"H[2,7,8,9,17,27,29,49,50]|V[6,8,10,19,20,21,22,24,28,34]",334779b46d5c288ee3031362a71af20db7b63dd5
proposed_nsga2_bs_Gyorgy-KOVACS_WH_Narrow_AW_4_seed_104,proposed_nsga2_bs,Gyorgy-KOVACS_WH_Narrow_AW_4,104,7,auto_from_instance,12,18,4,30,216,,,,,5,2,4,root > V:28 > BH:27 > BV:19 > BV:21,selected,1,0.0,True,680,262,418,524.0,1.0,1.0,True,True,1,1,0,True,1,1,0,0,True,True,0,9,10,9,10,2,PF_LS_RP,sampled_pool,,,False,0.4444444444444444,0.3982730176607191,0.5555555555555556,0.1,adaptive,insert_random_aisle,offspring,feasible_start_adaptive_spacing,,,,feasible_start_adaptive_spacing,0.5,,True,auto_from_instance,0.75,0.35,"2,7,8,9,17,27,29,49,50","6,8,10,19,20,22,24,28,34",,,,,,"H[2,7,8,9,17,27,29,49,50]|V[6,8,10,19,20,21,22,24,28,34]",8f2926ac3d427dac9f2e22e7dbb4782d03fe71f9
proposed_nsga2_bs_Gyorgy-KOVACS_WH_Narrow_AW_4_seed_104,proposed_nsga2_bs,Gyorgy-KOVACS_WH_Narrow_AW_4,104,7,auto_from_instance,12,18,4,30,216,,,,,6,2,4,root > V:28 > BH:27 > BV:19 > BV:17,selected,1,inf,True,680,262,418,524.0,1.0,1.0,True,True,1,1,0,True,1,1,0,0,True,True,0,9,10,9,10,2,PF_LS_RP,sampled_pool,,,False,0.4444444444444444,0.3982730176607191,0.5555555555555556,0.1,adaptive,insert_random_aisle,offspring,feasible_start_adaptive_spacing,,,,feasible_start_adaptive_spacing,0.5,,True,auto_from_instance,0.75,0.35,"2,7,8,9,17,27,29,49,50","6,8,10,19,20,22,24,28,34",,,,,,"H[2,7,8,9,17,27,29,49,50]|V[6,8,10,17,19,20,22,24,28,34]",c3a8d798cccc0ae6137f5d1801f12286f82d75a7
proposed_nsga2_bs_Gyorgy-KOVACS_WH_Narrow_AW_4_seed_104,proposed_nsga2_bs,Gyorgy-KOVACS_WH_Narrow_AW_4,104,7,auto_from_instance,12,18,4,30,216,,,,,7,3,4,root > V:27 > BH:27 > BV:19 > BV:19,selected,1,inf,True,684,260,424,484.0,1.0,1.0,True,True,1,1,0,True,1,1,0,0,True,True,0,9,10,9,10,3,PF_SS,sampled_pool,,,True,0.4444444444444444,0.4561246098602989,0.5555555555555556,0.1,adaptive,insert_random_aisle,offspring,feasible_start_adaptive_spacing,,,,feasible_start_adaptive_spacing,0.5,,True,auto_from_instance,0.75,0.35,"7,8,9,17,23,27,29,49,50","6,10,13,19,20,22,25,27,30,34",,,,,,"H[7,8,9,17,23,27,29,49,50]|V[6,10,13,19,20,22,25,27,30,34]",9baad5a6d6d08df213ec54891109e23b1069a9a5
proposed_nsga2_bs_Gyorgy-KOVACS_WH_Narrow_AW_4_seed_104,proposed_nsga2_bs,Gyorgy-KOVACS_WH_Narrow_AW_4,104,7,auto_from_instance,12,18,4,30,216,,,,,8,3,4,root > V:27 > BH:27 > BV:17 > BV:19,selected,1,0.0,True,684,260,424,484.0,1.0,1.0,True,True,1,1,0,True,1,1,0,0,True,True,0,9,11,9,11,3,PF_SS,sampled_pool,,,True,0.4444444444444444,0.4561246098602989,0.5555555555555556,0.1,adaptive,insert_random_aisle,offspring,feasible_start_adaptive_spacing,,,,feasible_start_adaptive_spacing,0.5,,True,auto_from_instance,0.75,0.35,"7,8,9,17,23,27,29,49,50","6,10,13,19,20,22,25,27,30,34",,,,,,"H[7,8,9,17,23,27,29,49,50]|V[6,10,13,17,19,20,22,25,27,30,34]",7ea492661f4a7d780540a41c5bfc758906148e19
proposed_nsga2_bs_Gyorgy-KOVACS_WH_Narrow_AW_4_seed_104,proposed_nsga2_bs,Gyorgy-KOVACS_WH_Narrow_AW_4,104,7,auto_from_instance,12,18,4,30,216,,,,,9,3,4,root > V:27 > BH:27 > BV:19 > BV:17,selected,1,0.0,True,684,260,424,484.0,1.0,1.0,True,True,1,1,0,True,1,1,0,0,True,True,0,9,11,9,11,3,PF_SS,sampled_pool,,,True,0.4444444444444444,0.4561246098602989,0.5555555555555556,0.1,adaptive,insert_random_aisle,offspring,feasible_start_adaptive_spacing,,,,feasible_start_adaptive_spacing,0.5,,True,auto_from_instance,0.75,0.35,"7,8,9,17,23,27,29,49,50","6,10,13,19,20,22,25,27,30,34",,,,,,"H[7,8,9,17,23,27,29,49,50]|V[6,10,13,17,19,20,22,25,27,30,34]",59c55a28d53f47701301421f850890ad1de7d63b
proposed_nsga2_bs_Gyorgy-KOVACS_WH_Narrow_AW_4_seed_104,proposed_nsga2_bs,Gyorgy-KOVACS_WH_Narrow_AW_4,104,7,auto_from_instance,12,18,4,30,216,,,,,10,3,4,root > V:27 > BH:27 > BV:17 > BV:17,selected,1,inf,True,684,260,424,484.0,1.0,1.0,True,True,1,1,0,True,1,1,0,0,True,True,0,9,11,9,11,3,PF_SS,sampled_pool,,,True,0.4444444444444444,0.4561246098602989,0.5555555555555556,0.1,adaptive,insert_random_aisle,offspring,feasible_start_adaptive_spacing,,,,feasible_start_adaptive_spacing,0.5,,True,auto_from_instance,0.75,0.35,"7,8,9,17,23,27,29,49,50","6,10,13,19,20,22,25,27,30,34",,,,,,"H[7,8,9,17,23,27,29,49,50]|V[6,10,13,17,19,20,22,25,27,30,34]",6732d5258a9313035bead181283e041def90bbb2
proposed_nsga2_bs_Gyorgy-KOVACS_WH_Narrow_AW_4_seed_104,proposed_nsga2_bs,Gyorgy-KOVACS_WH_Narrow_AW_4,104,7,auto_from_instance,12,18,4,30,216,,,,,11,5,8,root > V:15 > BH:27 > BH:49 > BH:41 > BH:29 > BH:17 > BH:9 > BV:27,selected,2,inf,True,608,261,347,539.0,1.0,1.0,True,True,1,1,0,True,1,1,0,0,True,True,0,11,8,11,8,5,LS_PF,sampled_pool,,,False,0.4444444444444444,0.3927875383155782,0.5555555555555556,0.1,adaptive,remove_random_aisle,offspring,feasible_start_adaptive_spacing,,,,feasible_start_adaptive_spacing,0.5,,True,auto_from_instance,0.75,0.35,"5,7,9,17,23,27,29,39,49,50","6,15,17,19,20,23,27,30",,,,,,"H[5,7,9,17,23,27,29,39,41,49,50]|V[6,15,17,19,20,23,27,30]",5855b7a2ce0f7102686a835ce8b745d34e7270fe
proposed_nsga2_bs_Gyorgy-KOVACS_WH_Narrow_AW_4_seed_104,proposed_nsga2_bs,Gyorgy-KOVACS_WH_Narrow_AW_4,104,7,auto_from_instance,12,18,4,30,216,,,,,12,5,8,root > V:15 > BH:27 > BH:49 > BH:39 > BH:29 > BH:17 > BH:9 > BV:27,selected,1,inf,True,608,261,347,509.0,1.0,1.0,True,True,1,1,0,True,1,1,0,0,True,True,0,10,8,10,8,5,LS_PF,sampled_pool,,,False,0.4444444444444444,0.3927875383155782,0.5555555555555556,0.1,adaptive,remove_random_aisle,offspring,feasible_start_adaptive_spacing,,,,feasible_start_adaptive_spacing,0.5,,True,auto_from_instance,0.75,0.35,"5,7,9,17,23,27,29,39,49,50","6,15,17,19,20,23,27,30",,,,,,"H[5,7,9,17,23,27,29,39,49,50]|V[6,15,17,19,20,23,27,30]",fc0563743447995c195c8e655d4713bfa38a660a
proposed_nsga2_bs_Gyorgy-KOVACS_WH_Narrow_AW_4_seed_104,proposed_nsga2_bs,Gyorgy-KOVACS_WH_Narrow_AW_4,104,7,auto_from_instance,12,18,4,30,216,,,,,13,5,8,root > V:15 > BH:27 > BH:49 > BH:41 > BH:29 > BH:17 > BH:9 > BV:25,evaluated,4,inf,False,608,261,347,595.0,1.0,1.0,True,True,1,1,0,True,1,1,0,0,True,True,0,11,9,11,9,5,LS_PF,sampled_pool,,,False,0.4444444444444444,0.3927875383155782,0.5555555555555556,0.1,adaptive,remove_random_aisle,offspring,feasible_start_adaptive_spacing,,,,feasible_start_adaptive_spacing,0.5,,True,auto_from_instance,0.75,0.35,"5,7,9,17,23,27,29,39,49,50","6,15,17,19,20,23,27,30",,,,,,"H[5,7,9,17,23,27,29,39,41,49,50]|V[6,15,17,19,20,23,25,27,30]",08dfdb08ca75b8739e2c3ffebea5b42db822e898
proposed_nsga2_bs_Gyorgy-KOVACS_WH_Narrow_AW_4_seed_104,proposed_nsga2_bs,Gyorgy-KOVACS_WH_Narrow_AW_4,104,7,auto_from_instance,12,18,4,30,216,,,,,14,5,8,root > V:15 > BH:27 > BH:49 > BH:39 > BH:29 > BH:17 > BH:9 > BV:25,evaluated,3,inf,False,608,261,347,565.0,1.0,1.0,True,True,1,1,0,True,1,1,0,0,True,True,0,10,9,10,9,5,LS_PF,sampled_pool,,,False,0.4444444444444444,0.3927875383155782,0.5555555555555556,0.1,adaptive,remove_random_aisle,offspring,feasible_start_adaptive_spacing,,,,feasible_start_adaptive_spacing,0.5,,True,auto_from_instance,0.75,0.35,"5,7,9,17,23,27,29,39,49,50","6,15,17,19,20,23,27,30",,,,,,"H[5,7,9,17,23,27,29,39,49,50]|V[6,15,17,19,20,23,25,27,30]",57debfbcb33569e7a9d11cf7896db530f119ad92
proposed_nsga2_bs_Gyorgy-KOVACS_WH_Narrow_AW_4_seed_104,proposed_nsga2_bs,Gyorgy-KOVACS_WH_Narrow_AW_4,104,7,auto_from_instance,12,18,4,30,216,,,,,15,7,4,root > V:28 > BH:27 > BV:21 > BV:21,evaluated,2,inf,False,680,262,418,576.0,1.0,1.0,True,True,1,1,0,True,1,1,0,0,True,True,0,9,9,9,9,7,PF_LS,sampled_pool,,,False,0.4444444444444444,0.4390450975585692,0.5555555555555556,0.1,adaptive,break_symmetry,offspring,feasible_start_adaptive_spacing,,,,feasible_start_adaptive_spacing,0.5,,True,auto_from_instance,0.75,0.35,"7,9,17,23,27,29,39,49,50","6,16,17,19,20,22,24,28",,,,,,"H[7,9,17,23,27,29,39,49,50]|V[6,16,17,19,20,21,22,24,28]",67a6f4f8f954f77d80a9f7aeff15d9041dc361bd
proposed_nsga2_bs_Gyorgy-KOVACS_WH_Narrow_AW_4_seed_104,proposed_nsga2_bs,Gyorgy-KOVACS_WH_Narrow_AW_4,104,7,auto_from_instance,12,18,4,30,216,,,,,16,7,4,root > V:28 > BH:27 > BV:17 > BV:21,evaluated,2,inf,False,680,262,418,576.0,1.0,1.0,True,True,1,1,0,True,1,1,0,0,True,True,0,9,9,9,9,7,PF_LS,sampled_pool,,,False,0.4444444444444444,0.4390450975585692,0.5555555555555556,0.1,adaptive,break_symmetry,offspring,feasible_start_adaptive_spacing,,,,feasible_start_adaptive_spacing,0.5,,True,auto_from_instance,0.75,0.35,"7,9,17,23,27,29,39,49,50","6,16,17,19,20,22,24,28",,,,,,"H[7,9,17,23,27,29,39,49,50]|V[6,16,17,19,20,21,22,24,28]",0cf129bcce89e5f8a26de7d155210a53886c00dc
proposed_nsga2_bs_Gyorgy-KOVACS_WH_Narrow_AW_4_seed_104,proposed_nsga2_bs,Gyorgy-KOVACS_WH_Narrow_AW_4,104,8,auto_from_instance,12,18,4,30,216,,,,,1,1,4,root > V:27 > BH:27 > BV:19 > BV:19,selected,1,inf,True,684,260,424,484.0,1.0,1.0,True,True,1,1,0,True,1,1,0,0,True,True,0,8,10,8,10,1,LS,sampled_pool,,,False,0.5,0.5651703918173909,0.5,0.1,adaptive,break_symmetry,offspring,feasible_start_adaptive_spacing,,,,feasible_start_adaptive_spacing,0.5,,True,auto_from_instance,0.75,0.35,"7,9,17,27,29,39,49,50","6,8,10,16,19,20,22,23,27,30",,,,,,"H[7,9,17,27,29,39,49,50]|V[6,8,10,16,19,20,22,23,27,30]",9baad5a6d6d08df213ec54891109e23b1069a9a5
proposed_nsga2_bs_Gyorgy-KOVACS_WH_Narrow_AW_4_seed_104,proposed_nsga2_bs,Gyorgy-KOVACS_WH_Narrow_AW_4,104,8,auto_from_instance,12,18,4,30,216,,,,,2,1,4,root > V:27 > BH:27 > BV:17 > BV:19,selected,1,0.0,True,684,260,424,484.0,1.0,1.0,True,True,1,1,0,True,1,1,0,0,True,True,0,8,11,8,11,1,LS,sampled_pool,,,False,0.5,0.5651703918173909,0.5,0.1,adaptive,break_symmetry,offspring,feasible_start_adaptive_spacing,,,,feasible_start_adaptive_spacing,0.5,,True,auto_from_instance,0.75,0.35,"7,9,17,27,29,39,49,50","6,8,10,16,19,20,22,23,27,30",,,,,,"H[7,9,17,27,29,39,49,50]|V[6,8,10,16,17,19,20,22,23,27,30]",7ea492661f4a7d780540a41c5bfc758906148e19
proposed_nsga2_bs_Gyorgy-KOVACS_WH_Narrow_AW_4_seed_104,proposed_nsga2_bs,Gyorgy-KOVACS_WH_Narrow_AW_4,104,8,auto_from_instance,12,18,4,30,216,,,,,3,1,4,root > V:27 > BH:27 > BV:19 > BV:17,selected,1,0.0,True,684,260,424,484.0,1.0,1.0,True,True,1,1,0,True,1,1,0,0,True,True,0,8,11,8,11,1,LS,sampled_pool,,,False,0.5,0.5651703918173909,0.5,0.1,adaptive,break_symmetry,offspring,feasible_start_adaptive_spacing,,,,feasible_start_adaptive_spacing,0.5,,True,auto_from_instance,0.75,0.35,"7,9,17,27,29,39,49,50","6,8,10,16,19,20,22,23,27,30",,,,,,"H[7,9,17,27,29,39,49,50]|V[6,8,10,16,17,19,20,22,23,27,30]",59c55a28d53f47701301421f850890ad1de7d63b
proposed_nsga2_bs_Gyorgy-KOVACS_WH_Narrow_AW_4_seed_104,proposed_nsga2_bs,Gyorgy-KOVACS_WH_Narrow_AW_4,104,8,auto_from_instance,12,18,4,30,216,,,,,4,1,4,root > V:27 > BH:27 > BV:17 > BV:17,selected,1,inf,True,684,260,424,484.0,1.0,1.0,True,True,1,1,0,True,1,1,0,0,True,True,0,8,11,8,11,1,LS,sampled_pool,,,False,0.5,0.5651703918173909,0.5,0.1,adaptive,break_symmetry,offspring,feasible_start_adaptive_spacing,,,,feasible_start_adaptive_spacing,0.5,,True,auto_from_instance,0.75,0.35,"7,9,17,27,29,39,49,50","6,8,10,16,19,20,22,23,27,30",,,,,,"H[7,9,17,27,29,39,49,50]|V[6,8,10,16,17,19,20,22,23,27,30]",6732d5258a9313035bead181283e041def90bbb2
proposed_nsga2_bs_Gyorgy-KOVACS_WH_Narrow_AW_4_seed_104,proposed_nsga2_bs,Gyorgy-KOVACS_WH_Narrow_AW_4,104,8,auto_from_instance,12,18,4,30,216,,,,,5,2,4,root > V:28 > BH:27 > BV:19 > BV:19,selected,0,inf,True,680,262,418,472.0,1.0,1.0,True,True,1,1,0,True,1,1,0,0,True,True,0,10,11,10,11,2,PF_LS_RP,sampled_pool,,,False,0.5,0.4544493255251163,0.5,0.1,adaptive,break_symmetry,offspring,feasible_start_adaptive_spacing,,,,feasible_start_adaptive_spacing,0.5,,True,auto_from_instance,0.75,0.35,"2,7,8,9,17,23,27,29,49,50","6,9,13,15,18,19,20,22,24,28,34",,,,,,"H[2,7,8,9,17,23,27,29,49,50]|V[6,9,13,15,18,19,20,22,24,28,34]",fc4825140fa5e2560776b4b932f5ef46c1588f36
proposed_nsga2_bs_Gyorgy-KOVACS_WH_Narrow_AW_4_seed_104,proposed_nsga2_bs,Gyorgy-KOVACS_WH_Narrow_AW_4,104,8,auto_from_instance,12,18,4,30,216,,,,,6,2,4,root > V:28 > BH:27 > BV:19 > BV:21,selected,1,inf,True,680,262,418,524.0,1.0,1.0,True,True,1,1,0,True,1,1,0,0,True,True,0,10,12,10,12,2,PF_LS_RP,sampled_pool,,,False,0.5,0.4544493255251163,0.5,0.1,adaptive,break_symmetry,offspring,feasible_start_adaptive_spacing,,,,feasible_start_adaptive_spacing,0.5,,True,auto_from_instance,0.75,0.35,"2,7,8,9,17,23,27,29,49,50","6,9,13,15,18,19,20,22,24,28,34",,,,,,"H[2,7,8,9,17,23,27,29,49,50]|V[6,9,13,15,18,19,20,21,22,24,28,34]",334779b46d5c288ee3031362a71af20db7b63dd5
proposed_nsga2_bs_Gyorgy-KOVACS_WH_Narrow_AW_4_seed_104,proposed_nsga2_bs,Gyorgy-KOVACS_WH_Narrow_AW_4,104,8,auto_from_instance,12,18,4,30,216,,,,,7,2,4,root > V:28 > BH:27 > BV:19 > BV:21,selected,1,0.0,True,680,262,418,524.0,1.0,1.0,True,True,1,1,0,True,1,1,0,0,True,True,0,10,12,10,12,2,PF_LS_RP,sampled_pool,,,False,0.5,0.4544493255251163,0.5,0.1,adaptive,break_symmetry,offspring,feasible_start_adaptive_spacing,,,,feasible_start_adaptive_spacing,0.5,,True,auto_from_instance,0.75,0.35,"2,7,8,9,17,23,27,29,49,50","6,9,13,15,18,19,20,22,24,28,34",,,,,,"H[2,7,8,9,17,23,27,29,49,50]|V[6,9,13,15,18,19,20,21,22,24,28,34]",8f2926ac3d427dac9f2e22e7dbb4782d03fe71f9
proposed_nsga2_bs_Gyorgy-KOVACS_WH_Narrow_AW_4_seed_104,proposed_nsga2_bs,Gyorgy-KOVACS_WH_Narrow_AW_4,104,8,auto_from_instance,12,18,4,30,216,,,,,8,2,4,root > V:28 > BH:27 > BV:19 > BV:17,selected,1,inf,True,680,262,418,524.0,1.0,1.0,True,True,1,1,0,True,1,1,0,0,True,True,0,10,12,10,12,2,PF_LS_RP,sampled_pool,,,False,0.5,0.4544493255251163,0.5,0.1,adaptive,break_symmetry,offspring,feasible_start_adaptive_spacing,,,,feasible_start_adaptive_spacing,0.5,,True,auto_from_instance,0.75,0.35,"2,7,8,9,17,23,27,29,49,50","6,9,13,15,18,19,20,22,24,28,34",,,,,,"H[2,7,8,9,17,23,27,29,49,50]|V[6,9,13,15,17,18,19,20,22,24,28,34]",c3a8d798cccc0ae6137f5d1801f12286f82d75a7
proposed_nsga2_bs_Gyorgy-KOVACS_WH_Narrow_AW_4_seed_104,proposed_nsga2_bs,Gyorgy-KOVACS_WH_Narrow_AW_4,104,8,auto_from_instance,12,18,4,30,216,,,,,9,7,9,root > V:15 > BH:27 > BH:5 > BH:15 > BH:25 > BH:37 > BH:47 > BV:23 > BV:30,selected,0,inf,True,592,261,331,462.0,1.0,1.0,True,True,1,1,0,True,1,1,0,0,True,True,0,13,11,13,11,7,PF_SS,sampled_pool,,,True,0.5,0.4680572471234511,0.5,0.1,adaptive,remove_random_aisle,offspring,feasible_start_adaptive_spacing,,,,feasible_start_adaptive_spacing,0.5,,True,auto_from_instance,0.75,0.35,"5,7,9,15,17,23,25,27,29,37,39,47,49","6,9,13,15,17,19,20,22,23,27,30",,,,,,"H[5,7,9,15,17,23,25,27,29,37,39,47,49]|V[6,9,13,15,17,19,20,22,23,27,30]",9ee2190bb5e677e5dd6004d3c767bf39ff3449fb
proposed_nsga2_bs_Gyorgy-KOVACS_WH_Narrow_AW_4_seed_104,proposed_nsga2_bs,Gyorgy-KOVACS_WH_Narrow_AW_4,104,8,auto_from_instance,12,18,4,30,216,,,,,10,7,9,root > V:15 > BH:27 > BH:49 > BH:39 > BH:29 > BH:17 > BH:7 > BV:23 > BV:30,selected,0,inf,True,592,261,331,462.0,1.0,1.0,True,True,1,1,0,True,1,1,0,0,True,True,0,13,11,13,11,7,PF_SS,sampled_pool,,,True,0.5,0.4680572471234511,0.5,0.1,adaptive,remove_random_aisle,offspring,feasible_start_adaptive_spacing,,,,feasible_start_adaptive_spacing,0.5,,True,auto_from_instance,0.75,0.35,"5,7,9,15,17,23,25,27,29,37,39,47,49","6,9,13,15,17,19,20,22,23,27,30",,,,,,"H[5,7,9,15,17,23,25,27,29,37,39,47,49]|V[6,9,13,15,17,19,20,22,23,27,30]",eef866e48d563b788dc6683537da31dffdbde584
proposed_nsga2_bs_Gyorgy-KOVACS_WH_Narrow_AW_4_seed_104,proposed_nsga2_bs,Gyorgy-KOVACS_WH_Narrow_AW_4,104,8,auto_from_instance,12,18,4,30,216,,,,,11,10,8,root > V:17 > BH:27 > BH:5 > BH:15 > BH:25 > BH:37 > BH:47 > BV:27,selected,1,inf,True,648,237,411,490.0,1.0,1.0,True,True,1,1,0,True,1,1,0,0,True,True,0,15,13,15,13,10,PF_SS,sampled_pool,,,True,0.5,0.4654667109177659,0.5,0.1,adaptive,insert_random_aisle,offspring,feasible_start_adaptive_spacing,,,,feasible_start_adaptive_spacing,0.5,,True,auto_from_instance,0.75,0.35,"7,8,9,17,23,27,29,39,49,50","6,9,13,15,17,19,20,21,22,25,27,30,34",,,,,,"H[5,7,8,9,15,17,23,25,27,29,37,39,47,49,50]|V[6,9,13,15,17,19,20,21,22,25,27,30,34]",3ab80a1d8e68880e815ad780c83cfc2449e7f93f
proposed_nsga2_bs_Gyorgy-KOVACS_WH_Narrow_AW_4_seed_104,proposed_nsga2_bs,Gyorgy-KOVACS_WH_Narrow_AW_4,104,8,auto_from_instance,12,18,4,30,216,,,,,12,10,8,root > V:17 > BH:27 > BH:49 > BH:39 > BH:29 > BH:17 > BH:7 > BV:27,selected,1,inf,True,648,237,411,490.0,1.0,1.0,True,True,1,1,0,True,1,1,0,0,True,True,0,10,13,10,13,10,PF_SS,sampled_pool,,,True,0.5,0.4654667109177659,0.5,0.1,adaptive,insert_random_aisle,offspring,feasible_start_adaptive_spacing,,,,feasible_start_adaptive_spacing,0.5,,True,auto_from_instance,0.75,0.35,"7,8,9,17,23,27,29,39,49,50","6,9,13,15,17,19,20,21,22,25,27,30,34",,,,,,"H[7,8,9,17,23,27,29,39,49,50]|V[6,9,13,15,17,19,20,21,22,25,27,30,34]",451b31cd7494c0e29ac39737991e84853f054397
proposed_nsga2_bs_Gyorgy-KOVACS_WH_Narrow_AW_4_seed_104,proposed_nsga2_bs,Gyorgy-KOVACS_WH_Narrow_AW_4,104,8,auto_from_instance,12,18,4,30,216,,,,,13,10,8,root > V:17 > BH:27 > BH:5 > BH:15 > BH:25 > BH:37 > BH:47 > BV:25,evaluated,2,inf,False,648,237,411,544.0,1.0,1.0,True,True,1,1,0,True,1,1,0,0,True,True,0,15,13,15,13,10,PF_SS,sampled_pool,,,True,0.5,0.4654667109177659,0.5,0.1,adaptive,insert_random_aisle,offspring,feasible_start_adaptive_spacing,,,,feasible_start_adaptive_spacing,0.5,,True,auto_from_instance,0.75,0.35,"7,8,9,17,23,27,29,39,49,50","6,9,13,15,17,19,20,21,22,25,27,30,34",,,,,,"H[5,7,8,9,15,17,23,25,27,29,37,39,47,49,50]|V[6,9,13,15,17,19,20,21,22,25,27,30,34]",24e93b3467ee5334276be59c5b6e878bb2e06a66
proposed_nsga2_bs_Gyorgy-KOVACS_WH_Narrow_AW_4_seed_104,proposed_nsga2_bs,Gyorgy-KOVACS_WH_Narrow_AW_4,104,8,auto_from_instance,12,18,4,30,216,,,,,14,10,8,root > V:17 > BH:27 > BH:49 > BH:39 > BH:29 > BH:17 > BH:7 > BV:25,evaluated,2,inf,False,648,237,411,544.0,1.0,1.0,True,True,1,1,0,True,1,1,0,0,True,True,0,10,13,10,13,10,PF_SS,sampled_pool,,,True,0.5,0.4654667109177659,0.5,0.1,adaptive,insert_random_aisle,offspring,feasible_start_adaptive_spacing,,,,feasible_start_adaptive_spacing,0.5,,True,auto_from_instance,0.75,0.35,"7,8,9,17,23,27,29,39,49,50","6,9,13,15,17,19,20,21,22,25,27,30,34",,,,,,"H[7,8,9,17,23,27,29,39,49,50]|V[6,9,13,15,17,19,20,21,22,25,27,30,34]",19631d63ec0204b55a5a6d539d26aaf84a80581d
proposed_nsga2_bs_Gyorgy-KOVACS_WH_Narrow_AW_4_seed_104,proposed_nsga2_bs,Gyorgy-KOVACS_WH_Narrow_AW_4,104,9,auto_from_instance,12,18,4,30,216,,,,,1,1,4,root > V:28 > BH:27 > BV:21 > BV:21,evaluated,2,inf,False,680,262,418,576.0,1.0,1.0,True,True,1,1,0,True,1,1,0,0,True,True,0,13,12,13,12,1,LS_PF,sampled_pool,,,False,0.5555555555555556,0.5670743476616317,0.4444444444444444,0.1,adaptive,break_symmetry,offspring,feasible_start_adaptive_spacing,,,,feasible_start_adaptive_spacing,0.5,,True,auto_from_instance,0.75,0.35,"2,7,8,9,17,23,27,29,37,39,47,49,50","6,9,13,14,18,19,20,21,22,24,28,34",,,,,,"H[2,7,8,9,17,23,27,29,37,39,47,49,50]|V[6,9,13,14,18,19,20,21,22,24,28,34]",67a6f4f8f954f77d80a9f7aeff15d9041dc361bd
proposed_nsga2_bs_Gyorgy-KOVACS_WH_Narrow_AW_4_seed_104,proposed_nsga2_bs,Gyorgy-KOVACS_WH_Narrow_AW_4,104,9,auto_from_instance,12,18,4,30,216,,,,,2,1,4,root > V:28 > BH:27 > BV:19 > BV:21,selected,1,inf,True,680,262,418,524.0,1.0,1.0,True,True,1,1,0,True,1,1,0,0,True,True,0,13,12,13,12,1,LS_PF,sampled_pool,,,False,0.5555555555555556,0.5670743476616317,0.4444444444444444,0.1,adaptive,break_symmetry,offspring,feasible_start_adaptive_spacing,,,,feasible_start_adaptive_spacing,0.5,,True,auto_from_instance,0.75,0.35,"2,7,8,9,17,23,27,29,37,39,47,49,50","6,9,13,14,18,19,20,21,22,24,28,34",,,,,,"H[2,7,8,9,17,23,27,29,37,39,47,49,50]|V[6,9,13,14,18,19,20,21,22,24,28,34]",334779b46d5c288ee3031362a71af20db7b63dd5
proposed_nsga2_bs_Gyorgy-KOVACS_WH_Narrow_AW_4_seed_104,proposed_nsga2_bs,Gyorgy-KOVACS_WH_Narrow_AW_4,104,9,auto_from_instance,12,18,4,30,216,,,,,3,1,4,root > V:28 > BH:27 > BV:17 > BV:21,evaluated,2,inf,False,680,262,418,576.0,1.0,1.0,True,True,1,1,0,True,1,1,0,0,True,True,0,13,13,13,13,1,LS_PF,sampled_pool,,,False,0.5555555555555556,0.5670743476616317,0.4444444444444444,0.1,adaptive,break_symmetry,offspring,feasible_start_adaptive_spacing,,,,feasible_start_adaptive_spacing,0.5,,True,auto_from_instance,0.75,0.35,"2,7,8,9,17,23,27,29,37,39,47,49,50","6,9,13,14,18,19,20,21,22,24,28,34",,,,,,"H[2,7,8,9,17,23,27,29,37,39,47,49,50]|V[6,9,13,14,17,18,19,20,21,22,24,28,34]",0cf129bcce89e5f8a26de7d155210a53886c00dc
proposed_nsga2_bs_Gyorgy-KOVACS_WH_Narrow_AW_4_seed_104,proposed_nsga2_bs,Gyorgy-KOVACS_WH_Narrow_AW_4,104,9,auto_from_instance,12,18,4,30,216,,,,,4,1,4,root > V:28 > BH:27 > BV:21 > BV:19,selected,1,0.0,True,680,262,418,524.0,1.0,1.0,True,True,1,1,0,True,1,1,0,0,True,True,0,13,12,13,12,1,LS_PF,sampled_pool,,,False,0.5555555555555556,0.5670743476616317,0.4444444444444444,0.1,adaptive,break_symmetry,offspring,feasible_start_adaptive_spacing,,,,feasible_start_adaptive_spacing,0.5,,True,auto_from_instance,0.75,0.35,"2,7,8,9,17,23,27,29,37,39,47,49,50","6,9,13,14,18,19,20,21,22,24,28,34",,,,,,"H[2,7,8,9,17,23,27,29,37,39,47,49,50]|V[6,9,13,14,18,19,20,21,22,24,28,34]",8f2926ac3d427dac9f2e22e7dbb4782d03fe71f9
proposed_nsga2_bs_Gyorgy-KOVACS_WH_Narrow_AW_4_seed_104,proposed_nsga2_bs,Gyorgy-KOVACS_WH_Narrow_AW_4,104,9,auto_from_instance,12,18,4,30,216,,,,,5,2,8,root > V:17 > BH:27 > BH:5 > BH:15 > BH:25 > BH:37 > BH:47 > BV:27,evaluated,2,inf,False,648,237,411,490.0,1.0,1.0,True,True,1,1,0,True,1,1,0,0,True,True,0,13,13,13,13,2,LS_RP,sampled_pool,,,False,0.5555555555555556,0.5230146930583734,0.4444444444444444,0.1,adaptive,remove_random_aisle,offspring,feasible_start_adaptive_spacing,,,,feasible_start_adaptive_spacing,0.5,,True,auto_from_instance,0.75,0.35,"5,7,8,9,15,17,23,25,27,49,50","6,9,13,15,17,19,20,21,22,25,27,30,34",,,,,,"H[5,7,8,9,15,17,23,25,27,37,47,49,50]|V[6,9,13,15,17,19,20,21,22,25,27,30,34]",3ab80a1d8e68880e815ad780c83cfc2449e7f93f
proposed_nsga2_bs_Gyorgy-KOVACS_WH_Narrow_AW_4_seed_104,proposed_nsga2_bs,Gyorgy-KOVACS_WH_Narrow_AW_4,104,9,auto_from_instance,12,18,4,30,216,,,,,6,2,8,root > V:17 > BH:27 > BH:49 > BH:39 > BH:29 > BH:17 > BH:7 > BV:27,evaluated,2,inf,False,648,237,411,490.0,1.0,1.0,True,True,1,1,0,True,1,1,0,0,True,True,0,13,13,13,13,2,LS_RP,sampled_pool,,,False,0.5555555555555556,0.5230146930583734,0.4444444444444444,0.1,adaptive,remove_random_aisle,offspring,feasible_start_adaptive_spacing,,,,feasible_start_adaptive_spacing,0.5,,True,auto_from_instance,0.75,0.35,"5,7,8,9,15,17,23,25,27,49,50","6,9,13,15,17,19,20,21,22,25,27,30,34",,,,,,"H[5,7,8,9,15,17,23,25,27,29,39,49,50]|V[6,9,13,15,17,19,20,21,22,25,27,30,34]",451b31cd7494c0e29ac39737991e84853f054397
proposed_nsga2_bs_Gyorgy-KOVACS_WH_Narrow_AW_4_seed_104,proposed_nsga2_bs,Gyorgy-KOVACS_WH_Narrow_AW_4,104,9,auto_from_instance,12,18,4,30,216,,,,,7,2,8,root > V:17 > BH:27 > BH:5 > BH:15 > BH:25 > BH:37 > BH:47 > BV:25,evaluated,4,inf,False,648,237,411,544.0,1.0,1.0,True,True,1,1,0,True,1,1,0,0,True,True,0,13,13,13,13,2,LS_RP,sampled_pool,,,False,0.5555555555555556,0.5230146930583734,0.4444444444444444,0.1,adaptive,remove_random_aisle,offspring,feasible_start_adaptive_spacing,,,,feasible_start_adaptive_spacing,0.5,,True,auto_from_instance,0.75,0.35,"5,7,8,9,15,17,23,25,27,49,50","6,9,13,15,17,19,20,21,22,25,27,30,34",,,,,,"H[5,7,8,9,15,17,23,25,27,37,47,49,50]|V[6,9,13,15,17,19,20,21,22,25,27,30,34]",24e93b3467ee5334276be59c5b6e878bb2e06a66
proposed_nsga2_bs_Gyorgy-KOVACS_WH_Narrow_AW_4_seed_104,proposed_nsga2_bs,Gyorgy-KOVACS_WH_Narrow_AW_4,104,9,auto_from_instance,12,18,4,30,216,,,,,8,2,8,root > V:17 > BH:27 > BH:49 > BH:39 > BH:29 > BH:17 > BH:7 > BV:25,evaluated,4,inf,False,648,237,411,544.0,1.0,1.0,True,True,1,1,0,True,1,1,0,0,True,True,0,13,13,13,13,2,LS_RP,sampled_pool,,,False,0.5555555555555556,0.5230146930583734,0.4444444444444444,0.1,adaptive,remove_random_aisle,offspring,feasible_start_adaptive_spacing,,,,feasible_start_adaptive_spacing,0.5,,True,auto_from_instance,0.75,0.35,"5,7,8,9,15,17,23,25,27,49,50","6,9,13,15,17,19,20,21,22,25,27,30,34",,,,,,"H[5,7,8,9,15,17,23,25,27,29,39,49,50]|V[6,9,13,15,17,19,20,21,22,25,27,30,34]",19631d63ec0204b55a5a6d539d26aaf84a80581d
proposed_nsga2_bs_Gyorgy-KOVACS_WH_Narrow_AW_4_seed_104,proposed_nsga2_bs,Gyorgy-KOVACS_WH_Narrow_AW_4,104,9,auto_from_instance,12,18,4,30,216,,,,,9,3,4,root > V:28 > BH:27 > BV:19 > BV:19,selected,0,inf,True,680,262,418,472.0,1.0,1.0,True,True,1,1,0,True,1,1,0,0,True,True,0,10,12,10,12,3,PF_RP,sampled_pool,,,False,0.5555555555555556,0.5952665398706474,0.4444444444444444,0.1,adaptive,insert_random_aisle,offspring,feasible_start_adaptive_spacing,,,,feasible_start_adaptive_spacing,0.5,,True,auto_from_instance,0.75,0.35,"2,7,8,9,17,23,27,29,49,50","6,9,13,15,18,19,20,22,24,28,32,34",,,,,,"H[2,7,8,9,17,23,27,29,49,50]|V[6,9,13,15,18,19,20,22,24,28,32,34]",fc4825140fa5e2560776b4b932f5ef46c1588f36
proposed_nsga2_bs_Gyorgy-KOVACS_WH_Narrow_AW_4_seed_104,proposed_nsga2_bs,Gyorgy-KOVACS_WH_Narrow_AW_4,104,9,auto_from_instance,12,18,4,30,216,,,,,10,3,4,root > V:28 > BH:27 > BV:19 > BV:17,selected,1,inf,True,680,262,418,524.0,1.0,1.0,True,True,1,1,0,True,1,1,0,0,True,True,0,10,13,10,13,3,PF_RP,sampled_pool,,,False,0.5555555555555556,0.5952665398706474,0.4444444444444444,0.1,adaptive,insert_random_aisle,offspring,feasible_start_adaptive_spacing,,,,feasible_start_adaptive_spacing,0.5,,True,auto_from_instance,0.75,0.35,"2,7,8,9,17,23,27,29,49,50","6,9,13,15,18,19,20,22,24,28,32,34",,,,,,"H[2,7,8,9,17,23,27,29,49,50]|V[6,9,13,15,17,18,19,20,22,24,28,32,34]",c3a8d798cccc0ae6137f5d1801f12286f82d75a7
proposed_nsga2_bs_Gyorgy-KOVACS_WH_Narrow_AW_4_seed_104,proposed_nsga2_bs,Gyorgy-KOVACS_WH_Narrow_AW_4,104,9,auto_from_instance,12,18,4,30,216,,,,,11,5,8,root > V:17 > BH:27 > BH:49 > BH:41 > BH:29 > BH:17 > BH:9 > BV:27,evaluated,2,2.4311758925646902,False,640,243,397,493.0,1.0,1.0,True,True,1,1,0,True,1,1,0,0,True,True,0,14,13,14,13,5,PF,sampled_pool,,,False,0.5555555555555556,0.614633422147362,0.4444444444444444,0.1,adaptive,swap_segments,offspring,feasible_start_adaptive_spacing,,,,feasible_start_adaptive_spacing,0.5,,True,auto_from_instance,0.75,0.35,"5,7,9,15,17,23,25,27,37,39,41,47,49","6,9,13,15,17,19,20,21,22,25,27,30,34",,,,,,"H[5,7,9,15,17,23,25,27,29,37,39,41,47,49]|V[6,9,13,15,17,19,20,21,22,25,27,30,34]",6b741b69cafdf845076912c9118d6404ec3124cc
proposed_nsga2_bs_Gyorgy-KOVACS_WH_Narrow_AW_4_seed_104,proposed_nsga2_bs,Gyorgy-KOVACS_WH_Narrow_AW_4,104,9,auto_from_instance,12,18,4,30,216,,,,,12,5,8,root > V:17 > BH:27 > BH:49 > BH:39 > BH:29 > BH:17 > BH:9 > BV:27,selected,1,inf,True,640,243,397,467.0,1.0,1.0,True,True,1,1,0,True,1,1,0,0,True,True,0,14,13,14,13,5,PF,sampled_pool,,,False,0.5555555555555556,0.614633422147362,0.4444444444444444,0.1,adaptive,swap_segments,offspring,feasible_start_adaptive_spacing,,,,feasible_start_adaptive_spacing,0.5,,True,auto_from_instance,0.75,0.35,"5,7,9,15,17,23,25,27,37,39,41,47,49","6,9,13,15,17,19,20,21,22,25,27,30,34",,,,,,"H[5,7,9,15,17,23,25,27,29,37,39,41,47,49]|V[6,9,13,15,17,19,20,21,22,25,27,30,34]",c31e5af53b1ab973249c91c35b02a53fe27d43b5
proposed_nsga2_bs_Gyorgy-KOVACS_WH_Narrow_AW_4_seed_104,proposed_nsga2_bs,Gyorgy-KOVACS_WH_Narrow_AW_4,104,9,auto_from_instance,12,18,4,30,216,,,,,13,5,8,root > V:17 > BH:27 > BH:49 > BH:41 > BH:29 > BH:17 > BH:9 > BV:25,evaluated,4,3.0,False,640,243,397,565.0,1.0,1.0,True,True,1,1,0,True,1,1,0,0,True,True,0,14,13,14,13,5,PF,sampled_pool,,,False,0.5555555555555556,0.614633422147362,0.4444444444444444,0.1,adaptive,swap_segments,offspring,feasible_start_adaptive_spacing,,,,feasible_start_adaptive_spacing,0.5,,True,auto_from_instance,0.75,0.35,"5,7,9,15,17,23,25,27,37,39,41,47,49","6,9,13,15,17,19,20,21,22,25,27,30,34",,,,,,"H[5,7,9,15,17,23,25,27,29,37,39,41,47,49]|V[6,9,13,15,17,19,20,21,22,25,27,30,34]",39a901559adc49da187861c456901969a94fbc3c
proposed_nsga2_bs_Gyorgy-KOVACS_WH_Narrow_AW_4_seed_104,proposed_nsga2_bs,Gyorgy-KOVACS_WH_Narrow_AW_4,104,9,auto_from_instance,12,18,4,30,216,,,,,14,5,8,root > V:17 > BH:27 > BH:49 > BH:39 > BH:29 > BH:17 > BH:9 > BV:25,evaluated,3,inf,False,640,243,397,539.0,1.0,1.0,True,True,1,1,0,True,1,1,0,0,True,True,0,14,13,14,13,5,PF,sampled_pool,,,False,0.5555555555555556,0.614633422147362,0.4444444444444444,0.1,adaptive,swap_segments,offspring,feasible_start_adaptive_spacing,,,,feasible_start_adaptive_spacing,0.5,,True,auto_from_instance,0.75,0.35,"5,7,9,15,17,23,25,27,37,39,41,47,49","6,9,13,15,17,19,20,21,22,25,27,30,34",,,,,,"H[5,7,9,15,17,23,25,27,29,37,39,41,47,49]|V[6,9,13,15,17,19,20,21,22,25,27,30,34]",4fcb480805af1c3aff3bd464c714a0dc9bc119e4
proposed_nsga2_bs_Gyorgy-KOVACS_WH_Narrow_AW_4_seed_104,proposed_nsga2_bs,Gyorgy-KOVACS_WH_Narrow_AW_4,104,9,auto_from_instance,12,18,4,30,216,,,,,15,6,8,root > V:15 > BH:27 > BH:49 > BH:41 > BH:29 > BH:17 > BH:9 > BV:27,evaluated,2,inf,False,608,261,347,539.0,1.0,1.0,True,True,1,1,0,True,1,1,0,0,True,True,0,17,11,17,11,6,LS,sampled_pool,,,False,0.5555555555555556,0.5169256879411418,0.4444444444444444,0.1,adaptive,spacing_aware_flip,offspring,feasible_start_adaptive_spacing,,,,feasible_start_adaptive_spacing,0.5,,True,auto_from_instance,0.75,0.35,"5,7,8,9,15,17,23,25,27,29,37,39,43,47,49,50","6,9,13,15,17,19,20,22,23,27,30",,,,,,"H[5,7,8,9,15,17,23,25,27,29,37,39,41,43,47,49,50]|V[6,9,13,15,17,19,20,22,23,27,30]",5855b7a2ce0f7102686a835ce8b745d34e7270fe
proposed_nsga2_bs_Gyorgy-KOVACS_WH_Narrow_AW_4_seed_104,proposed_nsga2_bs,Gyorgy-KOVACS_WH_Narrow_AW_4,104,9,auto_from_instance,12,18,4,30,216,,,,,16,6,8,root > V:15 > BH:27 > BH:49 > BH:39 > BH:29 > BH:17 > BH:9 > BV:27,selected,1,inf,True,608,261,347,509.0,1.0,1.0,True,True,1,1,0,True,1,1,0,0,True,True,0,16,11,16,11,6,LS,sampled_pool,,,False,0.5555555555555556,0.5169256879411418,0.4444444444444444,0.1,adaptive,spacing_aware_flip,offspring,feasible_start_adaptive_spacing,,,,feasible_start_adaptive_spacing,0.5,,True,auto_from_instance,0.75,0.35,"5,7,8,9,15,17,23,25,27,29,37,39,43,47,49,50","6,9,13,15,17,19,20,22,23,27,30",,,,,,"H[5,7,8,9,15,17,23,25,27,29,37,39,43,47,49,50]|V[6,9,13,15,17,19,20,22,23,27,30]",fc0563743447995c195c8e655d4713bfa38a660a
proposed_nsga2_bs_Gyorgy-KOVACS_WH_Narrow_AW_4_seed_104,proposed_nsga2_bs,Gyorgy-KOVACS_WH_Narrow_AW_4,104,9,auto_from_instance,12,18,4,30,216,,,,,17,6,8,root > V:15 > BH:27 > BH:49 > BH:41 > BH:29 > BH:17 > BH:9 > BV:25,evaluated,4,inf,False,608,261,347,595.0,1.0,1.0,True,True,1,1,0,True,1,1,0,0,True,True,0,17,12,17,12,6,LS,sampled_pool,,,False,0.5555555555555556,0.5169256879411418,0.4444444444444444,0.1,adaptive,spacing_aware_flip,offspring,feasible_start_adaptive_spacing,,,,feasible_start_adaptive_spacing,0.5,,True,auto_from_instance,0.75,0.35,"5,7,8,9,15,17,23,25,27,29,37,39,43,47,49,50","6,9,13,15,17,19,20,22,23,27,30",,,,,,"H[5,7,8,9,15,17,23,25,27,29,37,39,41,43,47,49,50]|V[6,9,13,15,17,19,20,22,23,25,27,30]",08dfdb08ca75b8739e2c3ffebea5b42db822e898
proposed_nsga2_bs_Gyorgy-KOVACS_WH_Narrow_AW_4_seed_104,proposed_nsga2_bs,Gyorgy-KOVACS_WH_Narrow_AW_4,104,9,auto_from_instance,12,18,4,30,216,,,,,18,6,8,root > V:15 > BH:27 > BH:49 > BH:39 > BH:29 > BH:17 > BH:9 > BV:25,evaluated,3,inf,False,608,261,347,565.0,1.0,1.0,True,True,1,1,0,True,1,1,0,0,True,True,0,16,12,16,12,6,LS,sampled_pool,,,False,0.5555555555555556,0.5169256879411418,0.4444444444444444,0.1,adaptive,spacing_aware_flip,offspring,feasible_start_adaptive_spacing,,,,feasible_start_adaptive_spacing,0.5,,True,auto_from_instance,0.75,0.35,"5,7,8,9,15,17,23,25,27,29,37,39,43,47,49,50","6,9,13,15,17,19,20,22,23,27,30",,,,,,"H[5,7,8,9,15,17,23,25,27,29,37,39,43,47,49,50]|V[6,9,13,15,17,19,20,22,23,25,27,30]",57debfbcb33569e7a9d11cf7896db530f119ad92
proposed_nsga2_bs_Gyorgy-KOVACS_WH_Narrow_AW_4_seed_104,proposed_nsga2_bs,Gyorgy-KOVACS_WH_Narrow_AW_4,104,9,auto_from_instance,12,18,4,30,216,,,,,19,8,8,root > V:18 > BH:27 > BH:49 > BH:41 > BH:29 > BH:17 > BH:9 > BV:26,evaluated,6,inf,False,656,234,422,636.0,1.0,1.0,True,True,1,1,0,True,1,1,0,0,True,True,0,9,11,9,11,8,LS_PF,sampled_pool,,,False,0.5555555555555556,0.5500221619664971,0.4444444444444444,0.1,adaptive,break_symmetry,offspring,feasible_start_adaptive_spacing,,,,feasible_start_adaptive_spacing,0.5,,True,auto_from_instance,0.75,0.35,"5,7,9,17,23,27,29,49","6,9,13,15,18,19,20,22,24,29",,,,,,"H[5,7,9,17,23,27,29,41,49]|V[6,9,13,15,18,19,20,22,24,26,29]",0d2a6b6ca811367d7afa4faa78fe2340635cf848
proposed_nsga2_bs_Gyorgy-KOVACS_WH_Narrow_AW_4_seed_104,proposed_nsga2_bs,Gyorgy-KOVACS_WH_Narrow_AW_4,104,9,auto_from_instance,12,18,4,30,216,,,,,20,8,8,root > V:18 > BH:27 > BH:49 > BH:39 > BH:29 > BH:17 > BH:9 > BV:26,evaluated,5,inf,False,656,234,422,612.0,1.0,1.0,True,True,1,1,0,True,1,1,0,0,True,True,0,9,11,9,11,8,LS_PF,sampled_pool,,,False,0.5555555555555556,0.5500221619664971,0.4444444444444444,0.1,adaptive,break_symmetry,offspring,feasible_start_adaptive_spacing,,,,feasible_start_adaptive_spacing,0.5,,True,auto_from_instance,0.75,0.35,"5,7,9,17,23,27,29,49","6,9,13,15,18,19,20,22,24,29",,,,,,"H[5,7,9,17,23,27,29,39,49]|V[6,9,13,15,18,19,20,22,24,26,29]",a6d8c367a0984ed18a8f66198f41e31df0ed7c56
proposed_nsga2_bs_Gyorgy-KOVACS_WH_Narrow_AW_4_seed_104,proposed_nsga2_bs,Gyorgy-KOVACS_WH_Narrow_AW_4,104,9,auto_from_instance,12,18,4,30,216,,,,,21,8,8,root > V:18 > BH:27 > BH:49 > BH:41 > BH:29 > BH:17 > BH:9 > BV:30,evaluated,6,inf,False,656,226,430,628.0,1.0,1.0,True,True,1,1,0,True,1,1,0,0,True,True,0,9,11,9,11,8,LS_PF,sampled_pool,,,False,0.5555555555555556,0.5500221619664971,0.4444444444444444,0.1,adaptive,break_symmetry,offspring,feasible_start_adaptive_spacing,,,,feasible_start_adaptive_spacing,0.5,,True,auto_from_instance,0.75,0.35,"5,7,9,17,23,27,29,49","6,9,13,15,18,19,20,22,24,29",,,,,,"H[5,7,9,17,23,27,29,41,49]|V[6,9,13,15,18,19,20,22,24,29,30]",02125c344125be7a62bbb0b5eed69ffa03056e68
proposed_nsga2_bs_Gyorgy-KOVACS_WH_Narrow_AW_4_seed_104,proposed_nsga2_bs,Gyorgy-KOVACS_WH_Narrow_AW_4,104,9,auto_from_instance,12,18,4,30,216,,,,,22,8,8,root > V:18 > BH:27 > BH:49 > BH:39 > BH:29 > BH:17 > BH:9 > BV:30,evaluated,5,inf,False,656,226,430,604.0,1.0,1.0,True,True,1,1,0,True,1,1,0,0,True,True,0,9,11,9,11,8,LS_PF,sampled_pool,,,False,0.5555555555555556,0.5500221619664971,0.4444444444444444,0.1,adaptive,break_symmetry,offspring,feasible_start_adaptive_spacing,,,,feasible_start_adaptive_spacing,0.5,,True,auto_from_instance,0.75,0.35,"5,7,9,17,23,27,29,49","6,9,13,15,18,19,20,22,24,29",,,,,,"H[5,7,9,17,23,27,29,39,49]|V[6,9,13,15,18,19,20,22,24,29,30]",731938394eedde6443a911645cdd39dc3798d827
proposed_nsga2_bs_Gyorgy-KOVACS_WH_Narrow_AW_4_seed_104,proposed_nsga2_bs,Gyorgy-KOVACS_WH_Narrow_AW_4,104,9,auto_from_instance,12,18,4,30,216,,,,,23,9,4,root > V:27 > BH:27 > BV:19 > BV:19,selected,1,0.428799270904534,True,684,260,424,484.0,1.0,1.0,True,True,1,1,0,True,1,1,0,0,True,True,0,11,12,11,12,9,SS,sampled_pool,,,True,0.5555555555555556,0.5406966505732602,0.4444444444444444,0.1,adaptive,bit_flip,offspring,feasible_start_adaptive_spacing,,,,feasible_start_adaptive_spacing,0.5,,True,auto_from_instance,0.75,0.35,"7,8,9,17,23,27,29,39,47,49,50","6,13,15,17,19,20,21,22,25,27,30,34",,,,,,"H[7,8,9,17,23,27,29,39,47,49,50]|V[6,13,15,17,19,20,21,22,25,27,30,34]",9baad5a6d6d08df213ec54891109e23b1069a9a5
proposed_nsga2_bs_Gyorgy-KOVACS_WH_Narrow_AW_4_seed_104,proposed_nsga2_bs,Gyorgy-KOVACS_WH_Narrow_AW_4,104,9,auto_from_instance,12,18,4,30,216,,,,,24,9,4,root > V:27 > BH:27 > BV:17 > BV:19,selected,1,0.0,True,684,260,424,484.0,1.0,1.0,True,True,1,1,0,True,1,1,0,0,True,True,0,11,12,11,12,9,SS,sampled_pool,,,True,0.5555555555555556,0.5406966505732602,0.4444444444444444,0.1,adaptive,bit_flip,offspring,feasible_start_adaptive_spacing,,,,feasible_start_adaptive_spacing,0.5,,True,auto_from_instance,0.75,0.35,"7,8,9,17,23,27,29,39,47,49,50","6,13,15,17,19,20,21,22,25,27,30,34",,,,,,"H[7,8,9,17,23,27,29,39,47,49,50]|V[6,13,15,17,19,20,21,22,25,27,30,34]",7ea492661f4a7d780540a41c5bfc758906148e19
proposed_nsga2_bs_Gyorgy-KOVACS_WH_Narrow_AW_4_seed_104,proposed_nsga2_bs,Gyorgy-KOVACS_WH_Narrow_AW_4,104,9,auto_from_instance,12,18,4,30,216,,,,,25,9,4,root > V:27 > BH:27 > BV:19 > BV:17,selected,1,0.0,True,684,260,424,484.0,1.0,1.0,True,True,1,1,0,True,1,1,0,0,True,True,0,11,12,11,12,9,SS,sampled_pool,,,True,0.5555555555555556,0.5406966505732602,0.4444444444444444,0.1,adaptive,bit_flip,offspring,feasible_start_adaptive_spacing,,,,feasible_start_adaptive_spacing,0.5,,True,auto_from_instance,0.75,0.35,"7,8,9,17,23,27,29,39,47,49,50","6,13,15,17,19,20,21,22,25,27,30,34",,,,,,"H[7,8,9,17,23,27,29,39,47,49,50]|V[6,13,15,17,19,20,21,22,25,27,30,34]",59c55a28d53f47701301421f850890ad1de7d63b
proposed_nsga2_bs_Gyorgy-KOVACS_WH_Narrow_AW_4_seed_104,proposed_nsga2_bs,Gyorgy-KOVACS_WH_Narrow_AW_4,104,9,auto_from_instance,12,18,4,30,216,,,,,26,9,4,root > V:27 > BH:27 > BV:17 > BV:17,selected,1,inf,True,684,260,424,484.0,1.0,1.0,True,True,1,1,0,True,1,1,0,0,True,True,0,11,12,11,12,9,SS,sampled_pool,,,True,0.5555555555555556,0.5406966505732602,0.4444444444444444,0.1,adaptive,bit_flip,offspring,feasible_start_adaptive_spacing,,,,feasible_start_adaptive_spacing,0.5,,True,auto_from_instance,0.75,0.35,"7,8,9,17,23,27,29,39,47,49,50","6,13,15,17,19,20,21,22,25,27,30,34",,,,,,"H[7,8,9,17,23,27,29,39,47,49,50]|V[6,13,15,17,19,20,21,22,25,27,30,34]",6732d5258a9313035bead181283e041def90bbb2
proposed_nsga2_bs_Gyorgy-KOVACS_WH_Narrow_AW_4_seed_104,proposed_nsga2_bs,Gyorgy-KOVACS_WH_Narrow_AW_4,104,9,auto_from_instance,12,18,4,30,216,,,,,27,12,9,root > V:15 > BH:27 > BH:5 > BH:15 > BH:25 > BH:37 > BH:47 > BV:23 > BV:30,selected,0,inf,True,592,261,331,462.0,1.0,1.0,True,True,1,1,0,True,1,1,0,0,True,True,0,12,11,12,11,12,PF_SS_RP,sampled_pool,,,True,0.5555555555555556,0.4783670936990553,0.4444444444444444,0.1,adaptive,remove_random_aisle,offspring,feasible_start_adaptive_spacing,,,,feasible_start_adaptive_spacing,0.5,,True,auto_from_instance,0.75,0.35,"5,7,9,15,17,23,25,27,37,39,47,49","6,9,13,15,17,19,20,22,23,27,30",,,,,,"H[5,7,9,15,17,23,25,27,37,39,47,49]|V[6,9,13,15,17,19,20,22,23,27,30]",9ee2190bb5e677e5dd6004d3c767bf39ff3449fb
proposed_nsga2_bs_Gyorgy-KOVACS_WH_Narrow_AW_4_seed_104,proposed_nsga2_bs,Gyorgy-KOVACS_WH_Narrow_AW_4,104,9,auto_from_instance,12,18,4,30,216,,,,,28,12,9,root > V:15 > BH:27 > BH:49 > BH:39 > BH:29 > BH:17 > BH:7 > BV:23 > BV:30,selected,0,inf,True,592,261,331,462.0,1.0,1.0,True,True,1,1,0,True,1,1,0,0,True,True,0,13,11,13,11,12,PF_SS_RP,sampled_pool,,,True,0.5555555555555556,0.4783670936990553,0.4444444444444444,0.1,adaptive,remove_random_aisle,offspring,feasible_start_adaptive_spacing,,,,feasible_start_adaptive_spacing,0.5,,True,auto_from_instance,0.75,0.35,"5,7,9,15,17,23,25,27,37,39,47,49","6,9,13,15,17,19,20,22,23,27,30",,,,,,"H[5,7,9,15,17,23,25,27,29,37,39,47,49]|V[6,9,13,15,17,19,20,22,23,27,30]",eef866e48d563b788dc6683537da31dffdbde584
proposed_nsga2_bs_Gyorgy-KOVACS_WH_Narrow_AW_4_seed_104,proposed_nsga2_bs,Gyorgy-KOVACS_WH_Narrow_AW_4,104,10,auto_from_instance,12,18,4,30,216,,,,,1,1,8,root > V:17 > BH:27 > BH:5 > BH:15 > BH:25 > BH:37 > BH:47 > BV:27,selected,2,inf,True,648,237,411,490.0,1.0,1.0,True,True,1,1,0,True,1,1,0,0,True,True,0,14,14,14,14,1,PF_SS_RP,sampled_pool,,,True,0.6111111111111112,0.5893446995983381,0.38888888888888884,0.1,adaptive,insert_random_aisle,offspring,feasible_start_adaptive_spacing,,,,feasible_start_adaptive_spacing,0.5,,True,auto_from_instance,0.75,0.35,"5,7,9,15,17,23,25,27,29,37,39,41,47,49","6,7,9,13,15,17,19,20,21,22,25,27,30,34",,,,,,"H[5,7,9,15,17,23,25,27,29,37,39,41,47,49]|V[6,7,9,13,15,17,19,20,21,22,25,27,30,34]",3ab80a1d8e68880e815ad780c83cfc2449e7f93f
proposed_nsga2_bs_Gyorgy-KOVACS_WH_Narrow_AW_4_seed_104,proposed_nsga2_bs,Gyorgy-KOVACS_WH_Narrow_AW_4,104,10,auto_from_instance,12,18,4,30,216,,,,,2,1,8,root > V:17 > BH:27 > BH:49 > BH:39 > BH:29 > BH:17 > BH:7 > BV:27,selected,2,inf,True,648,237,411,490.0,1.0,1.0,True,True,1,1,0,True,1,1,0,0,True,True,0,14,14,14,14,1,PF_SS_RP,sampled_pool,,,True,0.6111111111111112,0.5893446995983381,0.38888888888888884,0.1,adaptive,insert_random_aisle,offspring,feasible_start_adaptive_spacing,,,,feasible_start_adaptive_spacing,0.5,,True,auto_from_instance,0.75,0.35,"5,7,9,15,17,23,25,27,29,37,39,41,47,49","6,7,9,13,15,17,19,20,21,22,25,27,30,34",,,,,,"H[5,7,9,15,17,23,25,27,29,37,39,41,47,49]|V[6,7,9,13,15,17,19,20,21,22,25,27,30,34]",451b31cd7494c0e29ac39737991e84853f054397
proposed_nsga2_bs_Gyorgy-KOVACS_WH_Narrow_AW_4_seed_104,proposed_nsga2_bs,Gyorgy-KOVACS_WH_Narrow_AW_4,104,10,auto_from_instance,12,18,4,30,216,,,,,3,1,8,root > V:17 > BH:27 > BH:5 > BH:15 > BH:25 > BH:37 > BH:47 > BV:25,evaluated,3,inf,False,648,237,411,544.0,1.0,1.0,True,True,1,1,0,True,1,1,0,0,True,True,0,14,14,14,14,1,PF_SS_RP,sampled_pool,,,True,0.6111111111111112,0.5893446995983381,0.38888888888888884,0.1,adaptive,insert_random_aisle,offspring,feasible_start_adaptive_spacing,,,,feasible_start_adaptive_spacing,0.5,,True,auto_from_instance,0.75,0.35,"5,7,9,15,17,23,25,27,29,37,39,41,47,49","6,7,9,13,15,17,19,20,21,22,25,27,30,34",,,,,,"H[5,7,9,15,17,23,25,27,29,37,39,41,47,49]|V[6,7,9,13,15,17,19,20,21,22,25,27,30,34]",24e93b3467ee5334276be59c5b6e878bb2e06a66
proposed_nsga2_bs_Gyorgy-KOVACS_WH_Narrow_AW_4_seed_104,proposed_nsga2_bs,Gyorgy-KOVACS_WH_Narrow_AW_4,104,10,auto_from_instance,12,18,4,30,216,,,,,4,1,8,root > V:17 > BH:27 > BH:49 > BH:39 > BH:29 > BH:17 > BH:7 > BV:25,evaluated,3,inf,False,648,237,411,544.0,1.0,1.0,True,True,1,1,0,True,1,1,0,0,True,True,0,14,14,14,14,1,PF_SS_RP,sampled_pool,,,True,0.6111111111111112,0.5893446995983381,0.38888888888888884,0.1,adaptive,insert_random_aisle,offspring,feasible_start_adaptive_spacing,,,,feasible_start_adaptive_spacing,0.5,,True,auto_from_instance,0.75,0.35,"5,7,9,15,17,23,25,27,29,37,39,41,47,49","6,7,9,13,15,17,19,20,21,22,25,27,30,34",,,,,,"H[5,7,9,15,17,23,25,27,29,37,39,41,47,49]|V[6,7,9,13,15,17,19,20,21,22,25,27,30,34]",19631d63ec0204b55a5a6d539d26aaf84a80581d
proposed_nsga2_bs_Gyorgy-KOVACS_WH_Narrow_AW_4_seed_104,proposed_nsga2_bs,Gyorgy-KOVACS_WH_Narrow_AW_4,104,10,auto_from_instance,12,18,4,30,216,,,,,5,2,9,root > V:15 > BH:27 > BH:5 > BH:15 > BH:25 > BH:37 > BH:47 > BV:23 > BV:30,selected,1,inf,True,592,261,331,462.0,1.0,1.0,True,True,1,1,0,True,1,1,0,0,True,True,0,13,12,13,12,2,PF_SS_RP,sampled_pool,,,True,0.6111111111111112,0.5340808826511934,0.38888888888888884,0.1,adaptive,swap_segments,offspring,feasible_start_adaptive_spacing,,,,feasible_start_adaptive_spacing,0.5,,True,auto_from_instance,0.75,0.35,"5,7,9,15,17,23,25,27,29,37,39,47,49","2,6,9,13,15,17,19,20,22,27,30",,,,,,"H[5,7,9,15,17,23,25,27,29,37,39,47,49]|V[2,6,9,13,15,17,19,20,22,23,27,30]",9ee2190bb5e677e5dd6004d3c767bf39ff3449fb
proposed_nsga2_bs_Gyorgy-KOVACS_WH_Narrow_AW_4_seed_104,proposed_nsga2_bs,Gyorgy-KOVACS_WH_Narrow_AW_4,104,10,auto_from_instance,12,18,4,30,216,,,,,6,2,9,root > V:15 > BH:27 > BH:49 > BH:39 > BH:29 > BH:17 > BH:7 > BV:23 > BV:30,selected,1,inf,True,592,261,331,462.0,1.0,1.0,True,True,1,1,0,True,1,1,0,0,True,True,0,13,12,13,12,2,PF_SS_RP,sampled_pool,,,True,0.6111111111111112,0.5340808826511934,0.38888888888888884,0.1,adaptive,swap_segments,offspring,feasible_start_adaptive_spacing,,,,feasible_start_adaptive_spacing,0.5,,True,auto_from_instance,0.75,0.35,"5,7,9,15,17,23,25,27,29,37,39,47,49","2,6,9,13,15,17,19,20,22,27,30",,,,,,"H[5,7,9,15,17,23,25,27,29,37,39,47,49]|V[2,6,9,13,15,17,19,20,22,23,27,30]",eef866e48d563b788dc6683537da31dffdbde584
proposed_nsga2_bs_Gyorgy-KOVACS_WH_Narrow_AW_4_seed_104,proposed_nsga2_bs,Gyorgy-KOVACS_WH_Narrow_AW_4,104,10,auto_from_instance,12,18,4,30,216,,,,,7,3,4,root > V:27 > BH:27 > BV:19 > BV:19,selected,2,inf,True,684,260,424,484.0,1.0,1.0,True,True,1,1,0,True,1,1,0,0,True,True,0,12,13,12,13,3,SS,sampled_pool,,,True,0.6111111111111112,0.5606367221645893,0.38888888888888884,0.1,adaptive,break_symmetry,offspring,feasible_start_adaptive_spacing,,,,feasible_start_adaptive_spacing,0.5,,True,auto_from_instance,0.75,0.35,"2,7,8,9,17,23,27,29,39,47,49,50","6,14,15,17,18,19,20,21,22,25,27,30,34",,,,,,"H[2,7,8,9,17,23,27,29,39,47,49,50]|V[6,14,15,17,18,19,20,21,22,25,27,30,34]",9baad5a6d6d08df213ec54891109e23b1069a9a5
proposed_nsga2_bs_Gyorgy-KOVACS_WH_Narrow_AW_4_seed_104,proposed_nsga2_bs,Gyorgy-KOVACS_WH_Narrow_AW_4,104,10,auto_from_instance,12,18,4,30,216,,,,,8,3,4,root > V:27 > BH:27 > BV:17 > BV:19,selected,2,0.0,True,684,260,424,484.0,1.0,1.0,True,True,1,1,0,True,1,1,0,0,True,True,0,12,13,12,13,3,SS,sampled_pool,,,True,0.6111111111111112,0.5606367221645893,0.38888888888888884,0.1,adaptive,break_symmetry,offspring,feasible_start_adaptive_spacing,,,,feasible_start_adaptive_spacing,0.5,,True,auto_from_instance,0.75,0.35,"2,7,8,9,17,23,27,29,39,47,49,50","6,14,15,17,18,19,20,21,22,25,27,30,34",,,,,,"H[2,7,8,9,17,23,27,29,39,47,49,50]|V[6,14,15,17,18,19,20,21,22,25,27,30,34]",7ea492661f4a7d780540a41c5bfc758906148e19
proposed_nsga2_bs_Gyorgy-KOVACS_WH_Narrow_AW_4_seed_104,proposed_nsga2_bs,Gyorgy-KOVACS_WH_Narrow_AW_4,104,10,auto_from_instance,12,18,4,30,216,,,,,9,3,4,root > V:27 > BH:27 > BV:19 > BV:17,selected,2,0.0,True,684,260,424,484.0,1.0,1.0,True,True,1,1,0,True,1,1,0,0,True,True,0,12,13,12,13,3,SS,sampled_pool,,,True,0.6111111111111112,0.5606367221645893,0.38888888888888884,0.1,adaptive,break_symmetry,offspring,feasible_start_adaptive_spacing,,,,feasible_start_adaptive_spacing,0.5,,True,auto_from_instance,0.75,0.35,"2,7,8,9,17,23,27,29,39,47,49,50","6,14,15,17,18,19,20,21,22,25,27,30,34",,,,,,"H[2,7,8,9,17,23,27,29,39,47,49,50]|V[6,14,15,17,18,19,20,21,22,25,27,30,34]",59c55a28d53f47701301421f850890ad1de7d63b
proposed_nsga2_bs_Gyorgy-KOVACS_WH_Narrow_AW_4_seed_104,proposed_nsga2_bs,Gyorgy-KOVACS_WH_Narrow_AW_4,104,10,auto_from_instance,12,18,4,30,216,,,,,10,3,4,root > V:27 > BH:27 > BV:17 > BV:17,selected,2,inf,True,684,260,424,484.0,1.0,1.0,True,True,1,1,0,True,1,1,0,0,True,True,0,12,13,12,13,3,SS,sampled_pool,,,True,0.6111111111111112,0.5606367221645893,0.38888888888888884,0.1,adaptive,break_symmetry,offspring,feasible_start_adaptive_spacing,,,,feasible_start_adaptive_spacing,0.5,,True,auto_from_instance,0.75,0.35,"2,7,8,9,17,23,27,29,39,47,49,50","6,14,15,17,18,19,20,21,22,25,27,30,34",,,,,,"H[2,7,8,9,17,23,27,29,39,47,49,50]|V[6,14,15,17,18,19,20,21,22,25,27,30,34]",6732d5258a9313035bead181283e041def90bbb2
proposed_nsga2_bs_Gyorgy-KOVACS_WH_Narrow_AW_4_seed_104,proposed_nsga2_bs,Gyorgy-KOVACS_WH_Narrow_AW_4,104,10,auto_from_instance,12,18,4,30,216,,,,,11,4,4,root > V:28 > BH:27 > BV:19 > BV:19,selected,1,inf,True,680,262,418,472.0,1.0,1.0,True,True,1,1,0,True,1,1,0,0,True,True,0,9,12,9,12,4,LS_SS,sampled_pool,,,True,0.6111111111111112,0.5982631077344116,0.38888888888888884,0.1,adaptive,remove_random_aisle,offspring,feasible_start_adaptive_spacing,,,,feasible_start_adaptive_spacing,0.5,,True,auto_from_instance,0.75,0.35,"7,8,9,17,23,29,49,50","6,9,13,15,17,19,20,22,24,28,32,34",,,,,,"H[7,8,9,17,23,27,29,49,50]|V[6,9,13,15,17,19,20,22,24,28,32,34]",fc4825140fa5e2560776b4b932f5ef46c1588f36
proposed_nsga2_bs_Gyorgy-KOVACS_WH_Narrow_AW_4_seed_104,proposed_nsga2_bs,Gyorgy-KOVACS_WH_Narrow_AW_4,104,10,auto_from_instance,12,18,4,30,216,,,,,12,4,4,root > V:28 > BH:27 > BV:19 > BV:21,selected,2,inf,True,680,262,418,524.0,1.0,1.0,True,True,1,1,0,True,1,1,0,0,True,True,0,9,13,9,13,4,LS_SS,sampled_pool,,,True,0.6111111111111112,0.5982631077344116,0.38888888888888884,0.1,adaptive,remove_random_aisle,offspring,feasible_start_adaptive_spacing,,,,feasible_start_adaptive_spacing,0.5,,True,auto_from_instance,0.75,0.35,"7,8,9,17,23,29,49,50","6,9,13,15,17,19,20,22,24,28,32,34",,,,,,"H[7,8,9,17,23,27,29,49,50]|V[6,9,13,15,17,19,20,21,22,24,28,32,34]",334779b46d5c288ee3031362a71af20db7b63dd5
proposed_nsga2_bs_Gyorgy-KOVACS_WH_Narrow_AW_4_seed_104,proposed_nsga2_bs,Gyorgy-KOVACS_WH_Narrow_AW_4,104,10,auto_from_instance,12,18,4,30,216,,,,,13,4,4,root > V:28 > BH:27 > BV:19 > BV:21,evaluated,2,0.0,False,680,262,418,524.0,1.0,1.0,True,True,1,1,0,True,1,1,0,0,True,True,0,9,13,9,13,4,LS_SS,sampled_pool,,,True,0.6111111111111112,0.5982631077344116,0.38888888888888884,0.1,adaptive,remove_random_aisle,offspring,feasible_start_adaptive_spacing,,,,feasible_start_adaptive_spacing,0.5,,True,auto_from_instance,0.75,0.35,"7,8,9,17,23,29,49,50","6,9,13,15,17,19,20,22,24,28,32,34",,,,,,"H[7,8,9,17,23,27,29,49,50]|V[6,9,13,15,17,19,20,21,22,24,28,32,34]",8f2926ac3d427dac9f2e22e7dbb4782d03fe71f9
proposed_nsga2_bs_Gyorgy-KOVACS_WH_Narrow_AW_4_seed_104,proposed_nsga2_bs,Gyorgy-KOVACS_WH_Narrow_AW_4,104,10,auto_from_instance,12,18,4,30,216,,,,,14,4,4,root > V:28 > BH:27 > BV:19 > BV:17,selected,2,inf,True,680,262,418,524.0,1.0,1.0,True,True,1,1,0,True,1,1,0,0,True,True,0,9,12,9,12,4,LS_SS,sampled_pool,,,True,0.6111111111111112,0.5982631077344116,0.38888888888888884,0.1,adaptive,remove_random_aisle,offspring,feasible_start_adaptive_spacing,,,,feasible_start_adaptive_spacing,0.5,,True,auto_from_instance,0.75,0.35,"7,8,9,17,23,29,49,50","6,9,13,15,17,19,20,22,24,28,32,34",,,,,,"H[7,8,9,17,23,27,29,49,50]|V[6,9,13,15,17,19,20,22,24,28,32,34]",c3a8d798cccc0ae6137f5d1801f12286f82d75a7
proposed_nsga2_bs_Gyorgy-KOVACS_WH_Narrow_AW_4_seed_104,proposed_nsga2_bs,Gyorgy-KOVACS_WH_Narrow_AW_4,104,10,auto_from_instance,12,18,4,30,216,,,,,15,7,4,root > V:28 > BH:27 > BV:21 > BV:21,evaluated,3,inf,False,680,262,418,576.0,1.0,1.0,True,True,1,1,0,True,1,1,0,0,True,True,0,9,14,9,14,7,PF_LS,sampled_pool,,,False,0.6111111111111112,0.639843504472801,0.38888888888888884,0.1,adaptive,remove_random_aisle,offspring,feasible_start_adaptive_spacing,,,,feasible_start_adaptive_spacing,0.5,,True,auto_from_instance,0.75,0.35,"7,8,9,17,23,27,29,47,49","6,9,13,15,17,19,20,22,23,27,28,32,34",,,,,,"H[7,8,9,17,23,27,29,47,49]|V[6,9,13,15,17,19,20,21,22,23,27,28,32,34]",67a6f4f8f954f77d80a9f7aeff15d9041dc361bd
proposed_nsga2_bs_Gyorgy-KOVACS_WH_Narrow_AW_4_seed_104,proposed_nsga2_bs,Gyorgy-KOVACS_WH_Narrow_AW_4,104,10,auto_from_instance,12,18,4,30,216,,,,,16,7,4,root > V:28 > BH:27 > BV:17 > BV:21,evaluated,3,inf,False,680,262,418,576.0,1.0,1.0,True,True,1,1,0,True,1,1,0,0,True,True,0,9,14,9,14,7,PF_LS,sampled_pool,,,False,0.6111111111111112,0.639843504472801,0.38888888888888884,0.1,adaptive,remove_random_aisle,offspring,feasible_start_adaptive_spacing,,,,feasible_start_adaptive_spacing,0.5,,True,auto_from_instance,0.75,0.35,"7,8,9,17,23,27,29,47,49","6,9,13,15,17,19,20,22,23,27,28,32,34",,,,,,"H[7,8,9,17,23,27,29,47,49]|V[6,9,13,15,17,19,20,21,22,23,27,28,32,34]",0cf129bcce89e5f8a26de7d155210a53886c00dc
proposed_nsga2_bs_Gyorgy-KOVACS_WH_Narrow_AW_4_seed_104,proposed_nsga2_bs,Gyorgy-KOVACS_WH_Narrow_AW_4,104,10,auto_from_instance,12,18,4,30,216,,,,,17,8,10,root > V:15 > BH:27 > BH:47 > BH:39 > BH:29 > BH:17 > BH:9 > BV:27 > BV:23 > BV:30,selected,0,inf,True,560,270,290,341.0,1.0,1.0,True,True,1,1,0,True,1,1,0,0,True,True,0,14,13,14,13,8,LS_PF,sampled_pool,,,False,0.6111111111111112,0.6235057122392381,0.38888888888888884,0.1,adaptive,bit_flip,offspring,feasible_start_adaptive_spacing,,,,feasible_start_adaptive_spacing,0.5,,True,auto_from_instance,0.75,0.35,"5,7,9,15,17,23,25,27,37,39,49,50","2,6,9,13,15,18,19,20,22,24,30",,,,,,"H[5,7,9,15,17,23,25,27,29,37,39,47,49,50]|V[2,6,9,13,15,18,19,20,22,23,24,27,30]",1fa9344c00a95c630e382533991ef575b2f5e6b5
proposed_nsga2_bs_Gyorgy-KOVACS_WH_Narrow_AW_4_seed_104,proposed_nsga2_bs,Gyorgy-KOVACS_WH_Narrow_AW_4,104,11,auto_from_instance,12,18,4,30,216,,,,,1,1,4,root > V:27 > BH:27 > BV:19 > BV:19,selected,1,inf,True,684,260,424,484.0,1.0,1.0,True,True,1,1,0,True,1,1,0,0,True,True,0,11,13,11,13,1,RP_LS,sampled_pool,,,False,0.6666666666666666,0.6654843898448115,0.33333333333333337,0.1,adaptive,break_symmetry,offspring,feasible_start_adaptive_spacing,,,,feasible_start_adaptive_spacing,0.5,,True,auto_from_instance,0.75,0.35,"5,7,9,15,17,23,25,27,29,49,50","2,6,9,13,15,17,18,20,22,24,27,30",,,,,,"H[5,7,9,15,17,23,25,27,29,49,50]|V[2,6,9,13,15,17,18,19,20,22,24,27,30]",9baad5a6d6d08df213ec54891109e23b1069a9a5
proposed_nsga2_bs_Gyorgy-KOVACS_WH_Narrow_AW_4_seed_104,proposed_nsga2_bs,Gyorgy-KOVACS_WH_Narrow_AW_4,104,11,auto_from_instance,12,18,4,30,216,,,,,2,1,4,root > V:27 > BH:27 > BV:17 > BV:19,selected,1,0.0,True,684,260,424,484.0,1.0,1.0,True,True,1,1,0,True,1,1,0,0,True,True,0,11,13,11,13,1,RP_LS,sampled_pool,,,False,0.6666666666666666,0.6654843898448115,0.33333333333333337,0.1,adaptive,break_symmetry,offspring,feasible_start_adaptive_spacing,,,,feasible_start_adaptive_spacing,0.5,,True,auto_from_instance,0.75,0.35,"5,7,9,15,17,23,25,27,29,49,50","2,6,9,13,15,17,18,20,22,24,27,30",,,,,,"H[5,7,9,15,17,23,25,27,29,49,50]|V[2,6,9,13,15,17,18,19,20,22,24,27,30]",7ea492661f4a7d780540a41c5bfc758906148e19
proposed_nsga2_bs_Gyorgy-KOVACS_WH_Narrow_AW_4_seed_104,proposed_nsga2_bs,Gyorgy-KOVACS_WH_Narrow_AW_4,104,11,auto_from_instance,12,18,4,30,216,,,,,3,1,4,root > V:27 > BH:27 > BV:19 > BV:17,selected,1,0.0,True,684,260,424,484.0,1.0,1.0,True,True,1,1,0,True,1,1,0,0,True,True,0,11,13,11,13,1,RP_LS,sampled_pool,,,False,0.6666666666666666,0.6654843898448115,0.33333333333333337,0.1,adaptive,break_symmetry,offspring,feasible_start_adaptive_spacing,,,,feasible_start_adaptive_spacing,0.5,,True,auto_from_instance,0.75,0.35,"5,7,9,15,17,23,25,27,29,49,50","2,6,9,13,15,17,18,20,22,24,27,30",,,,,,"H[5,7,9,15,17,23,25,27,29,49,50]|V[2,6,9,13,15,17,18,19,20,22,24,27,30]",59c55a28d53f47701301421f850890ad1de7d63b
proposed_nsga2_bs_Gyorgy-KOVACS_WH_Narrow_AW_4_seed_104,proposed_nsga2_bs,Gyorgy-KOVACS_WH_Narrow_AW_4,104,11,auto_from_instance,12,18,4,30,216,,,,,4,1,4,root > V:27 > BH:27 > BV:17 > BV:17,selected,1,inf,True,684,260,424,484.0,1.0,1.0,True,True,1,1,0,True,1,1,0,0,True,True,0,11,12,11,12,1,RP_LS,sampled_pool,,,False,0.6666666666666666,0.6654843898448115,0.33333333333333337,0.1,adaptive,break_symmetry,offspring,feasible_start_adaptive_spacing,,,,feasible_start_adaptive_spacing,0.5,,True,auto_from_instance,0.75,0.35,"5,7,9,15,17,23,25,27,29,49,50","2,6,9,13,15,17,18,20,22,24,27,30",,,,,,"H[5,7,9,15,17,23,25,27,29,49,50]|V[2,6,9,13,15,17,18,20,22,24,27,30]",6732d5258a9313035bead181283e041def90bbb2
proposed_nsga2_bs_Gyorgy-KOVACS_WH_Narrow_AW_4_seed_104,proposed_nsga2_bs,Gyorgy-KOVACS_WH_Narrow_AW_4,104,11,auto_from_instance,12,18,4,30,216,,,,,5,2,4,root > V:28 > BH:27 > BV:19 > BV:19,selected,0,inf,True,680,262,418,472.0,1.0,1.0,True,True,1,1,0,True,1,1,0,0,True,True,0,12,12,12,12,2,PF_SS,sampled_pool,,,True,0.6666666666666666,0.6679054499425408,0.33333333333333337,0.1,adaptive,break_symmetry,offspring,feasible_start_adaptive_spacing,,,,feasible_start_adaptive_spacing,0.5,,True,auto_from_instance,0.75,0.35,"7,8,9,17,23,28,29,37,39,47,49","6,9,13,15,17,19,20,22,23,28,32,34",,,,,,"H[7,8,9,17,23,27,28,29,37,39,47,49]|V[6,9,13,15,17,19,20,22,23,28,32,34]",fc4825140fa5e2560776b4b932f5ef46c1588f36
proposed_nsga2_bs_Gyorgy-KOVACS_WH_Narrow_AW_4_seed_104,proposed_nsga2_bs,Gyorgy-KOVACS_WH_Narrow_AW_4,104,11,auto_from_instance,12,18,4,30,216,,,,,6,2,4,root > V:28 > BH:27 > BV:19 > BV:21,selected,1,inf,True,680,262,418,524.0,1.0,1.0,True,True,1,1,0,True,1,1,0,0,True,True,0,12,13,12,13,2,PF_SS,sampled_pool,,,True,0.6666666666666666,0.6679054499425408,0.33333333333333337,0.1,adaptive,break_symmetry,offspring,feasible_start_adaptive_spacing,,,,feasible_start_adaptive_spacing,0.5,,True,auto_from_instance,0.75,0.35,"7,8,9,17,23,28,29,37,39,47,49","6,9,13,15,17,19,20,22,23,28,32,34",,,,,,"H[7,8,9,17,23,27,28,29,37,39,47,49]|V[6,9,13,15,17,19,20,21,22,23,28,32,34]",334779b46d5c288ee3031362a71af20db7b63dd5
proposed_nsga2_bs_Gyorgy-KOVACS_WH_Narrow_AW_4_seed_104,proposed_nsga2_bs,Gyorgy-KOVACS_WH_Narrow_AW_4,104,11,auto_from_instance,12,18,4,30,216,,,,,7,2,4,root > V:28 > BH:27 > BV:19 > BV:21,selected,1,0.0,True,680,262,418,524.0,1.0,1.0,True,True,1,1,0,True,1,1,0,0,True,True,0,12,13,12,13,2,PF_SS,sampled_pool,,,True,0.6666666666666666,0.6679054499425408,0.33333333333333337,0.1,adaptive,break_symmetry,offspring,feasible_start_adaptive_spacing,,,,feasible_start_adaptive_spacing,0.5,,True,auto_from_instance,0.75,0.35,"7,8,9,17,23,28,29,37,39,47,49","6,9,13,15,17,19,20,22,23,28,32,34",,,,,,"H[7,8,9,17,23,27,28,29,37,39,47,49]|V[6,9,13,15,17,19,20,21,22,23,28,32,34]",8f2926ac3d427dac9f2e22e7dbb4782d03fe71f9
proposed_nsga2_bs_Gyorgy-KOVACS_WH_Narrow_AW_4_seed_104,proposed_nsga2_bs,Gyorgy-KOVACS_WH_Narrow_AW_4,104,11,auto_from_instance,12,18,4,30,216,,,,,8,2,4,root > V:28 > BH:27 > BV:19 > BV:17,selected,1,inf,True,680,262,418,524.0,1.0,1.0,True,True,1,1,0,True,1,1,0,0,True,True,0,12,12,12,12,2,PF_SS,sampled_pool,,,True,0.6666666666666666,0.6679054499425408,0.33333333333333337,0.1,adaptive,break_symmetry,offspring,feasible_start_adaptive_spacing,,,,feasible_start_adaptive_spacing,0.5,,True,auto_from_instance,0.75,0.35,"7,8,9,17,23,28,29,37,39,47,49","6,9,13,15,17,19,20,22,23,28,32,34",,,,,,"H[7,8,9,17,23,27,28,29,37,39,47,49]|V[6,9,13,15,17,19,20,22,23,28,32,34]",c3a8d798cccc0ae6137f5d1801f12286f82d75a7
proposed_nsga2_bs_Gyorgy-KOVACS_WH_Narrow_AW_4_seed_104,proposed_nsga2_bs,Gyorgy-KOVACS_WH_Narrow_AW_4,104,11,auto_from_instance,12,18,4,30,216,,,,,9,3,9,root > V:15 > BH:27 > BH:5 > BH:15 > BH:25 > BH:37 > BH:47 > BV:23 > BV:30,selected,0,inf,True,592,261,331,462.0,1.0,1.0,True,True,1,1,0,True,1,1,0,0,True,True,0,17,11,17,11,3,PF_SS,sampled_pool,,,True,0.6666666666666666,0.595710750962886,0.33333333333333337,0.1,adaptive,spacing_aware_flip,offspring,feasible_start_adaptive_spacing,,,,feasible_start_adaptive_spacing,0.5,,True,auto_from_instance,0.75,0.35,"2,7,8,9,17,23,25,27,29,39,43,47,49,50","6,15,18,19,20,22,23,24,27,30,34",,,,,,"H[2,5,7,8,9,15,17,23,25,27,29,37,39,43,47,49,50]|V[6,15,18,19,20,22,23,24,27,30,34]",9ee2190bb5e677e5dd6004d3c767bf39ff3449fb
proposed_nsga2_bs_Gyorgy-KOVACS_WH_Narrow_AW_4_seed_104,proposed_nsga2_bs,Gyorgy-KOVACS_WH_Narrow_AW_4,104,11,auto_from_instance,12,18,4,30,216,,,,,10,3,9,root > V:15 > BH:27 > BH:49 > BH:39 > BH:29 > BH:17 > BH:7 > BV:23 > BV:30,selected,0,inf,True,592,261,331,462.0,1.0,1.0,True,True,1,1,0,True,1,1,0,0,True,True,0,14,11,14,11,3,PF_SS,sampled_pool,,,True,0.6666666666666666,0.595710750962886,0.33333333333333337,0.1,adaptive,spacing_aware_flip,offspring,feasible_start_adaptive_spacing,,,,feasible_start_adaptive_spacing,0.5,,True,auto_from_instance,0.75,0.35,"2,7,8,9,17,23,25,27,29,39,43,47,49,50","6,15,18,19,20,22,23,24,27,30,34",,,,,,"H[2,7,8,9,17,23,25,27,29,39,43,47,49,50]|V[6,15,18,19,20,22,23,24,27,30,34]",eef866e48d563b788dc6683537da31dffdbde584
proposed_nsga2_bs_Gyorgy-KOVACS_WH_Narrow_AW_4_seed_104,proposed_nsga2_bs,Gyorgy-KOVACS_WH_Narrow_AW_4,104,11,auto_from_instance,12,18,4,30,216,,,,,11,8,4,root > V:28 > BH:27 > BV:21 > BV:21,selected,2,inf,True,680,262,418,576.0,1.0,1.0,True,True,1,1,0,True,1,1,0,0,True,True,0,11,13,11,13,8,LS_PF,sampled_pool,,,False,0.6666666666666666,0.6776200653518015,0.33333333333333337,0.1,adaptive,bit_flip,offspring,feasible_start_adaptive_spacing,,,,feasible_start_adaptive_spacing,0.5,,True,auto_from_instance,0.75,0.35,"7,9,15,17,23,25,27,29,40,49,50","6,9,13,15,17,19,20,22,24,28,32,34",,,,,,"H[7,9,15,17,23,25,27,29,40,49,50]|V[6,9,13,15,17,19,20,21,22,24,28,32,34]",67a6f4f8f954f77d80a9f7aeff15d9041dc361bd
proposed_nsga2_bs_Gyorgy-KOVACS_WH_Narrow_AW_4_seed_104,proposed_nsga2_bs,Gyorgy-KOVACS_WH_Narrow_AW_4,104,11,auto_from_instance,12,18,4,30,216,,,,,12,8,4,root > V:28 > BH:27 > BV:17 > BV:21,evaluated,2,inf,False,680,262,418,576.0,1.0,1.0,True,True,1,1,0,True,1,1,0,0,True,True,0,11,13,11,13,8,LS_PF,sampled_pool,,,False,0.6666666666666666,0.6776200653518015,0.33333333333333337,0.1,adaptive,bit_flip,offspring,feasible_start_adaptive_spacing,,,,feasible_start_adaptive_spacing,0.5,,True,auto_from_instance,0.75,0.35,"7,9,15,17,23,25,27,29,40,49,50","6,9,13,15,17,19,20,22,24,28,32,34",,,,,,"H[7,9,15,17,23,25,27,29,40,49,50]|V[6,9,13,15,17,19,20,21,22,24,28,32,34]",0cf129bcce89e5f8a26de7d155210a53886c00dc
proposed_nsga2_bs_Gyorgy-KOVACS_WH_Narrow_AW_4_seed_104,proposed_nsga2_bs,Gyorgy-KOVACS_WH_Narrow_AW_4,104,11,auto_from_instance,12,18,4,30,216,,,,,13,9,8,root > V:15 > BH:27 > BH:49 > BH:41 > BH:29 > BH:17 > BH:9 > BV:27,evaluated,2,inf,False,608,261,347,539.0,1.0,1.0,True,True,1,1,0,True,1,1,0,0,True,True,0,13,12,13,12,9,LS_PF,sampled_pool,,,False,0.6666666666666666,0.5816245692142995,0.33333333333333337,0.1,adaptive,break_symmetry,offspring,feasible_start_adaptive_spacing,,,,feasible_start_adaptive_spacing,0.5,,True,auto_from_instance,0.75,0.35,"5,7,9,15,17,23,27,29,37,39,47,49","2,6,9,13,15,17,18,20,22,24,30",,,,,,"H[5,7,9,15,17,23,27,29,37,39,41,47,49]|V[2,6,9,13,15,17,18,20,22,24,27,30]",5855b7a2ce0f7102686a835ce8b745d34e7270fe
proposed_nsga2_bs_Gyorgy-KOVACS_WH_Narrow_AW_4_seed_104,proposed_nsga2_bs,Gyorgy-KOVACS_WH_Narrow_AW_4,104,11,auto_from_instance,12,18,4,30,216,,,,,14,9,8,root > V:15 > BH:27 > BH:49 > BH:39 > BH:29 > BH:17 > BH:9 > BV:27,selected,1,inf,True,608,261,347,509.0,1.0,1.0,True,True,1,1,0,True,1,1,0,0,True,True,0,12,12,12,12,9,LS_PF,sampled_pool,,,False,0.6666666666666666,0.5816245692142995,0.33333333333333337,0.1,adaptive,break_symmetry,offspring,feasible_start_adaptive_spacing,,,,feasible_start_adaptive_spacing,0.5,,True,auto_from_instance,0.75,0.35,"5,7,9,15,17,23,27,29,37,39,47,49","2,6,9,13,15,17,18,20,22,24,30",,,,,,"H[5,7,9,15,17,23,27,29,37,39,47,49]|V[2,6,9,13,15,17,18,20,22,24,27,30]",fc0563743447995c195c8e655d4713bfa38a660a
proposed_nsga2_bs_Gyorgy-KOVACS_WH_Narrow_AW_4_seed_104,proposed_nsga2_bs,Gyorgy-KOVACS_WH_Narrow_AW_4,104,11,auto_from_instance,12,18,4,30,216,,,,,15,9,8,root > V:15 > BH:27 > BH:49 > BH:41 > BH:29 > BH:17 > BH:9 > BV:25,evaluated,4,inf,False,608,261,347,595.0,1.0,1.0,True,True,1,1,0,True,1,1,0,0,True,True,0,13,12,13,12,9,LS_PF,sampled_pool,,,False,0.6666666666666666,0.5816245692142995,0.33333333333333337,0.1,adaptive,break_symmetry,offspring,feasible_start_adaptive_spacing,,,,feasible_start_adaptive_spacing,0.5,,True,auto_from_instance,0.75,0.35,"5,7,9,15,17,23,27,29,37,39,47,49","2,6,9,13,15,17,18,20,22,24,30",,,,,,"H[5,7,9,15,17,23,27,29,37,39,41,47,49]|V[2,6,9,13,15,17,18,20,22,24,25,30]",08dfdb08ca75b8739e2c3ffebea5b42db822e898
proposed_nsga2_bs_Gyorgy-KOVACS_WH_Narrow_AW_4_seed_104,proposed_nsga2_bs,Gyorgy-KOVACS_WH_Narrow_AW_4,104,11,auto_from_instance,12,18,4,30,216,,,,,16,9,8,root > V:15 > BH:27 > BH:49 > BH:39 > BH:29 > BH:17 > BH:9 > BV:25,evaluated,3,inf,False,608,261,347,565.0,1.0,1.0,True,True,1,1,0,True,1,1,0,0,True,True,0,12,12,12,12,9,LS_PF,sampled_pool,,,False,0.6666666666666666,0.5816245692142995,0.33333333333333337,0.1,adaptive,break_symmetry,offspring,feasible_start_adaptive_spacing,,,,feasible_start_adaptive_spacing,0.5,,True,auto_from_instance,0.75,0.35,"5,7,9,15,17,23,27,29,37,39,47,49","2,6,9,13,15,17,18,20,22,24,30",,,,,,"H[5,7,9,15,17,23,27,29,37,39,47,49]|V[2,6,9,13,15,17,18,20,22,24,25,30]",57debfbcb33569e7a9d11cf7896db530f119ad92
proposed_nsga2_bs_Gyorgy-KOVACS_WH_Narrow_AW_4_seed_104,proposed_nsga2_bs,Gyorgy-KOVACS_WH_Narrow_AW_4,104,12,auto_from_instance,12,18,4,30,216,,,,,1,1,4,root > V:27 > BH:27 > BV:19 > BV:19,selected,1,inf,True,684,260,424,484.0,1.0,1.0,True,True,1,1,0,True,1,1,0,0,True,True,0,14,14,14,14,1,RP,sampled_pool,,,False,0.7222222222222222,0.7913389693839077,0.2777777777777778,0.1,adaptive,insert_random_aisle,offspring,feasible_start_adaptive_spacing,,,,feasible_start_adaptive_spacing,0.5,,True,auto_from_instance,0.75,0.35,"7,8,9,17,23,27,28,29,37,39,43,47,49,50","6,9,13,15,17,19,20,22,23,24,27,30,33,34",,,,,,"H[7,8,9,17,23,27,28,29,37,39,43,47,49,50]|V[6,9,13,15,17,19,20,22,23,24,27,30,33,34]",9baad5a6d6d08df213ec54891109e23b1069a9a5
proposed_nsga2_bs_Gyorgy-KOVACS_WH_Narrow_AW_4_seed_104,proposed_nsga2_bs,Gyorgy-KOVACS_WH_Narrow_AW_4,104,12,auto_from_instance,12,18,4,30,216,,,,,2,1,4,root > V:27 > BH:27 > BV:17 > BV:19,selected,1,0.0,True,684,260,424,484.0,1.0,1.0,True,True,1,1,0,True,1,1,0,0,True,True,0,14,14,14,14,1,RP,sampled_pool,,,False,0.7222222222222222,0.7913389693839077,0.2777777777777778,0.1,adaptive,insert_random_aisle,offspring,feasible_start_adaptive_spacing,,,,feasible_start_adaptive_spacing,0.5,,True,auto_from_instance,0.75,0.35,"7,8,9,17,23,27,28,29,37,39,43,47,49,50","6,9,13,15,17,19,20,22,23,24,27,30,33,34",,,,,,"H[7,8,9,17,23,27,28,29,37,39,43,47,49,50]|V[6,9,13,15,17,19,20,22,23,24,27,30,33,34]",7ea492661f4a7d780540a41c5bfc758906148e19
proposed_nsga2_bs_Gyorgy-KOVACS_WH_Narrow_AW_4_seed_104,proposed_nsga2_bs,Gyorgy-KOVACS_WH_Narrow_AW_4,104,12,auto_from_instance,12,18,4,30,216,,,,,3,1,4,root > V:27 > BH:27 > BV:19 > BV:17,selected,1,0.0,True,684,260,424,484.0,1.0,1.0,True,True,1,1,0,True,1,1,0,0,True,True,0,14,14,14,14,1,RP,sampled_pool,,,False,0.7222222222222222,0.7913389693839077,0.2777777777777778,0.1,adaptive,insert_random_aisle,offspring,feasible_start_adaptive_spacing,,,,feasible_start_adaptive_spacing,0.5,,True,auto_from_instance,0.75,0.35,"7,8,9,17,23,27,28,29,37,39,43,47,49,50","6,9,13,15,17,19,20,22,23,24,27,30,33,34",,,,,,"H[7,8,9,17,23,27,28,29,37,39,43,47,49,50]|V[6,9,13,15,17,19,20,22,23,24,27,30,33,34]",59c55a28d53f47701301421f850890ad1de7d63b
proposed_nsga2_bs_Gyorgy-KOVACS_WH_Narrow_AW_4_seed_104,proposed_nsga2_bs,Gyorgy-KOVACS_WH_Narrow_AW_4,104,12,auto_from_instance,12,18,4,30,216,,,,,4,1,4,root > V:27 > BH:27 > BV:17 > BV:17,selected,1,inf,True,684,260,424,484.0,1.0,1.0,True,True,1,1,0,True,1,1,0,0,True,True,0,14,14,14,14,1,RP,sampled_pool,,,False,0.7222222222222222,0.7913389693839077,0.2777777777777778,0.1,adaptive,insert_random_aisle,offspring,feasible_start_adaptive_spacing,,,,feasible_start_adaptive_spacing,0.5,,True,auto_from_instance,0.75,0.35,"7,8,9,17,23,27,28,29,37,39,43,47,49,50","6,9,13,15,17,19,20,22,23,24,27,30,33,34",,,,,,"H[7,8,9,17,23,27,28,29,37,39,43,47,49,50]|V[6,9,13,15,17,19,20,22,23,24,27,30,33,34]",6732d5258a9313035bead181283e041def90bbb2
proposed_nsga2_bs_Gyorgy-KOVACS_WH_Narrow_AW_4_seed_104,proposed_nsga2_bs,Gyorgy-KOVACS_WH_Narrow_AW_4,104,12,auto_from_instance,12,18,4,30,216,,,,,5,2,9,root > V:15 > BH:27 > BH:5 > BH:15 > BH:25 > BH:37 > BH:47 > BV:23 > BV:30,selected,0,inf,True,592,261,331,462.0,1.0,1.0,True,True,1,1,0,True,1,1,0,0,True,True,0,15,11,15,11,2,LS_SS,sampled_pool,,,True,0.7222222222222222,0.7581082145957037,0.2777777777777778,0.1,adaptive,break_symmetry,offspring,feasible_start_adaptive_spacing,,,,feasible_start_adaptive_spacing,0.5,,True,auto_from_instance,0.75,0.35,"2,5,7,8,9,15,17,23,25,27,29,37,39,47,49","6,15,18,19,20,22,23,27,32,34",,,,,,"H[2,5,7,8,9,15,17,23,25,27,29,37,39,47,49]|V[6,15,18,19,20,22,23,27,30,32,34]",9ee2190bb5e677e5dd6004d3c767bf39ff3449fb
proposed_nsga2_bs_Gyorgy-KOVACS_WH_Narrow_AW_4_seed_104,proposed_nsga2_bs,Gyorgy-KOVACS_WH_Narrow_AW_4,104,12,auto_from_instance,12,18,4,30,216,,,,,6,2,9,root > V:15 > BH:27 > BH:49 > BH:39 > BH:29 > BH:17 > BH:7 > BV:23 > BV:30,selected,0,inf,True,592,261,331,462.0,1.0,1.0,True,True,1,1,0,True,1,1,0,0,True,True,0,15,11,15,11,2,LS_SS,sampled_pool,,,True,0.7222222222222222,0.7581082145957037,0.2777777777777778,0.1,adaptive,break_symmetry,offspring,feasible_start_adaptive_spacing,,,,feasible_start_adaptive_spacing,0.5,,True,auto_from_instance,0.75,0.35,"2,5,7,8,9,15,17,23,25,27,29,37,39,47,49","6,15,18,19,20,22,23,27,32,34",,,,,,"H[2,5,7,8,9,15,17,23,25,27,29,37,39,47,49]|V[6,15,18,19,20,22,23,27,30,32,34]",eef866e48d563b788dc6683537da31dffdbde584
proposed_nsga2_bs_Gyorgy-KOVACS_WH_Narrow_AW_4_seed_104,proposed_nsga2_bs,Gyorgy-KOVACS_WH_Narrow_AW_4,104,12,auto_from_instance,12,18,4,30,216,,,,,7,3,4,root > V:28 > BH:27 > BV:19 > BV:19,selected,0,inf,True,680,262,418,472.0,1.0,1.0,True,True,1,1,0,True,1,1,0,0,True,True,0,12,13,12,13,3,PF_SS,sampled_pool,,,True,0.7222222222222222,0.7728853300831717,0.2777777777777778,0.1,adaptive,swap_segments,offspring,feasible_start_adaptive_spacing,,,,feasible_start_adaptive_spacing,0.5,,True,auto_from_instance,0.75,0.35,"5,7,9,17,23,27,28,29,37,39,47,49","2,6,9,13,15,17,19,20,21,22,23,28,32",,,,,,"H[5,7,9,17,23,27,28,29,37,39,47,49]|V[2,6,9,13,15,17,19,20,21,22,23,28,32]",fc4825140fa5e2560776b4b932f5ef46c1588f36
proposed_nsga2_bs_Gyorgy-KOVACS_WH_Narrow_AW_4_seed_104,proposed_nsga2_bs,Gyorgy-KOVACS_WH_Narrow_AW_4,104,12,auto_from_instance,12,18,4,30,216,,,,,8,3,4,root > V:28 > BH:27 > BV:19 > BV:21,selected,1,inf,True,680,262,418,524.0,1.0,1.0,True,True,1,1,0,True,1,1,0,0,True,True,0,12,13,12,13,3,PF_SS,sampled_pool,,,True,0.7222222222222222,0.7728853300831717,0.2777777777777778,0.1,adaptive,swap_segments,offspring,feasible_start_adaptive_spacing,,,,feasible_start_adaptive_spacing,0.5,,True,auto_from_instance,0.75,0.35,"5,7,9,17,23,27,28,29,37,39,47,49","2,6,9,13,15,17,19,20,21,22,23,28,32",,,,,,"H[5,7,9,17,23,27,28,29,37,39,47,49]|V[2,6,9,13,15,17,19,20,21,22,23,28,32]",334779b46d5c288ee3031362a71af20db7b63dd5
proposed_nsga2_bs_Gyorgy-KOVACS_WH_Narrow_AW_4_seed_104,proposed_nsga2_bs,Gyorgy-KOVACS_WH_Narrow_AW_4,104,12,auto_from_instance,12,18,4,30,216,,,,,9,3,4,root > V:28 > BH:27 > BV:19 > BV:21,selected,1,0.0,True,680,262,418,524.0,1.0,1.0,True,True,1,1,0,True,1,1,0,0,True,True,0,12,13,12,13,3,PF_SS,sampled_pool,,,True,0.7222222222222222,0.7728853300831717,0.2777777777777778,0.1,adaptive,swap_segments,offspring,feasible_start_adaptive_spacing,,,,feasible_start_adaptive_spacing,0.5,,True,auto_from_instance,0.75,0.35,"5,7,9,17,23,27,28,29,37,39,47,49","2,6,9,13,15,17,19,20,21,22,23,28,32",,,,,,"H[5,7,9,17,23,27,28,29,37,39,47,49]|V[2,6,9,13,15,17,19,20,21,22,23,28,32]",8f2926ac3d427dac9f2e22e7dbb4782d03fe71f9
proposed_nsga2_bs_Gyorgy-KOVACS_WH_Narrow_AW_4_seed_104,proposed_nsga2_bs,Gyorgy-KOVACS_WH_Narrow_AW_4,104,12,auto_from_instance,12,18,4,30,216,,,,,10,3,4,root > V:28 > BH:27 > BV:19 > BV:17,selected,1,inf,True,680,262,418,524.0,1.0,1.0,True,True,1,1,0,True,1,1,0,0,True,True,0,12,13,12,13,3,PF_SS,sampled_pool,,,True,0.7222222222222222,0.7728853300831717,0.2777777777777778,0.1,adaptive,swap_segments,offspring,feasible_start_adaptive_spacing,,,,feasible_start_adaptive_spacing,0.5,,True,auto_from_instance,0.75,0.35,"5,7,9,17,23,27,28,29,37,39,47,49","2,6,9,13,15,17,19,20,21,22,23,28,32",,,,,,"H[5,7,9,17,23,27,28,29,37,39,47,49]|V[2,6,9,13,15,17,19,20,21,22,23,28,32]",c3a8d798cccc0ae6137f5d1801f12286f82d75a7
proposed_nsga2_bs_Gyorgy-KOVACS_WH_Narrow_AW_4_seed_104,proposed_nsga2_bs,Gyorgy-KOVACS_WH_Narrow_AW_4,104,12,auto_from_instance,12,18,4,30,216,,,,,11,12,8,root > V:18 > BH:27 > BH:5 > BH:15 > BH:25 > BH:37 > BH:47 > BV:26,selected,2,inf,True,664,228,436,628.0,1.0,1.0,True,True,1,1,0,True,1,1,0,0,True,True,0,14,13,14,13,12,PF_RP,sampled_pool,,,False,0.7222222222222222,0.7419942080894366,0.2777777777777778,0.1,adaptive,swap_segments,offspring,feasible_start_adaptive_spacing,,,,feasible_start_adaptive_spacing,0.5,,True,auto_from_instance,0.75,0.35,"7,8,9,15,17,23,25,27,29,37,39,47,49","6,8,9,12,18,19,20,22,24,30,32,34",,,,,,"H[5,7,8,9,15,17,23,25,27,29,37,39,47,49]|V[6,8,9,12,18,19,20,22,24,26,30,32,34]",1938da0c4eeab540eb2932ce4328db82029254cb
proposed_nsga2_bs_Gyorgy-KOVACS_WH_Narrow_AW_4_seed_104,proposed_nsga2_bs,Gyorgy-KOVACS_WH_Narrow_AW_4,104,12,auto_from_instance,12,18,4,30,216,,,,,12,12,8,root > V:18 > BH:27 > BH:49 > BH:39 > BH:29 > BH:17 > BH:7 > BV:26,selected,2,inf,True,664,228,436,628.0,1.0,1.0,True,True,1,1,0,True,1,1,0,0,True,True,0,13,13,13,13,12,PF_RP,sampled_pool,,,False,0.7222222222222222,0.7419942080894366,0.2777777777777778,0.1,adaptive,swap_segments,offspring,feasible_start_adaptive_spacing,,,,feasible_start_adaptive_spacing,0.5,,True,auto_from_instance,0.75,0.35,"7,8,9,15,17,23,25,27,29,37,39,47,49","6,8,9,12,18,19,20,22,24,30,32,34",,,,,,"H[7,8,9,15,17,23,25,27,29,37,39,47,49]|V[6,8,9,12,18,19,20,22,24,26,30,32,34]",ca27fa34dbaffc306858313d4e346923ac553274
proposed_nsga2_bs_Gyorgy-KOVACS_WH_Narrow_AW_4_seed_104,proposed_nsga2_bs,Gyorgy-KOVACS_WH_Narrow_AW_4,104,12,auto_from_instance,12,18,4,30,216,,,,,13,12,8,root > V:18 > BH:27 > BH:5 > BH:15 > BH:25 > BH:37 > BH:47 > BV:30,evaluated,3,inf,False,664,218,446,768.0,1.0,1.0,True,True,1,1,0,True,1,1,0,0,True,True,0,14,12,14,12,12,PF_RP,sampled_pool,,,False,0.7222222222222222,0.7419942080894366,0.2777777777777778,0.1,adaptive,swap_segments,offspring,feasible_start_adaptive_spacing,,,,feasible_start_adaptive_spacing,0.5,,True,auto_from_instance,0.75,0.35,"7,8,9,15,17,23,25,27,29,37,39,47,49","6,8,9,12,18,19,20,22,24,30,32,34",,,,,,"H[5,7,8,9,15,17,23,25,27,29,37,39,47,49]|V[6,8,9,12,18,19,20,22,24,30,32,34]",2d76234bebc6b4bba430e32996fc38cedfb52741
proposed_nsga2_bs_Gyorgy-KOVACS_WH_Narrow_AW_4_seed_104,proposed_nsga2_bs,Gyorgy-KOVACS_WH_Narrow_AW_4,104,12,auto_from_instance,12,18,4,30,216,,,,,14,12,8,root > V:18 > BH:27 > BH:49 > BH:39 > BH:29 > BH:17 > BH:7 > BV:30,evaluated,3,inf,False,664,218,446,768.0,1.0,1.0,True,True,1,1,0,True,1,1,0,0,True,True,0,13,12,13,12,12,PF_RP,sampled_pool,,,False,0.7222222222222222,0.7419942080894366,0.2777777777777778,0.1,adaptive,swap_segments,offspring,feasible_start_adaptive_spacing,,,,feasible_start_adaptive_spacing,0.5,,True,auto_from_instance,0.75,0.35,"7,8,9,15,17,23,25,27,29,37,39,47,49","6,8,9,12,18,19,20,22,24,30,32,34",,,,,,"H[7,8,9,15,17,23,25,27,29,37,39,47,49]|V[6,8,9,12,18,19,20,22,24,30,32,34]",194790e90d8eea3e2ac59491345ee26809534fa0
proposed_nsga2_bs_Gyorgy-KOVACS_WH_Narrow_AW_4_seed_104,proposed_nsga2_bs,Gyorgy-KOVACS_WH_Narrow_AW_4,104,13,auto_from_instance,12,18,4,30,216,,,,,1,1,4,root > V:30 > BH:27 > BV:21 > BV:21,evaluated,5,inf,False,672,206,466,676.0,1.0,1.0,True,True,1,1,0,True,1,1,0,0,True,True,0,13,12,13,12,1,SS,sampled_pool,,,True,0.7777777777777778,0.784222582565395,0.2222222222222222,0.1,adaptive,spacing_aware_flip,offspring,feasible_start_adaptive_spacing,,,,feasible_start_adaptive_spacing,0.5,,True,auto_from_instance,0.75,0.35,"5,7,9,17,23,27,28,29,37,39,47,49,56","2,6,9,13,15,17,19,20,21,22,23,30",,,,,,"H[5,7,9,17,23,27,28,29,37,39,47,49,56]|V[2,6,9,13,15,17,19,20,21,22,23,30]",5dff680449ea54ef73abf8585de0c2ba440a4835
proposed_nsga2_bs_Gyorgy-KOVACS_WH_Narrow_AW_4_seed_104,proposed_nsga2_bs,Gyorgy-KOVACS_WH_Narrow_AW_4,104,13,auto_from_instance,12,18,4,30,216,,,,,2,1,4,root > V:30 > BH:27 > BV:19 > BV:21,evaluated,5,0.0,False,672,206,466,676.0,1.0,1.0,True,True,1,1,0,True,1,1,0,0,True,True,0,13,12,13,12,1,SS,sampled_pool,,,True,0.7777777777777778,0.784222582565395,0.2222222222222222,0.1,adaptive,spacing_aware_flip,offspring,feasible_start_adaptive_spacing,,,,feasible_start_adaptive_spacing,0.5,,True,auto_from_instance,0.75,0.35,"5,7,9,17,23,27,28,29,37,39,47,49,56","2,6,9,13,15,17,19,20,21,22,23,30",,,,,,"H[5,7,9,17,23,27,28,29,37,39,47,49,56]|V[2,6,9,13,15,17,19,20,21,22,23,30]",8bd280773c3be24cfc914a42e887aea361f9570c
proposed_nsga2_bs_Gyorgy-KOVACS_WH_Narrow_AW_4_seed_104,proposed_nsga2_bs,Gyorgy-KOVACS_WH_Narrow_AW_4,104,13,auto_from_instance,12,18,4,30,216,,,,,3,1,4,root > V:30 > BH:27 > BV:21 > BV:19,evaluated,5,0.0,False,672,206,466,676.0,1.0,1.0,True,True,1,1,0,True,1,1,0,0,True,True,0,13,12,13,12,1,SS,sampled_pool,,,True,0.7777777777777778,0.784222582565395,0.2222222222222222,0.1,adaptive,spacing_aware_flip,offspring,feasible_start_adaptive_spacing,,,,feasible_start_adaptive_spacing,0.5,,True,auto_from_instance,0.75,0.35,"5,7,9,17,23,27,28,29,37,39,47,49,56","2,6,9,13,15,17,19,20,21,22,23,30",,,,,,"H[5,7,9,17,23,27,28,29,37,39,47,49,56]|V[2,6,9,13,15,17,19,20,21,22,23,30]",0ed2b993601a455ad3c48ac7828910fea4b1be83
proposed_nsga2_bs_Gyorgy-KOVACS_WH_Narrow_AW_4_seed_104,proposed_nsga2_bs,Gyorgy-KOVACS_WH_Narrow_AW_4,104,13,auto_from_instance,12,18,4,30,216,,,,,4,1,4,root > V:30 > BH:27 > BV:19 > BV:19,evaluated,5,inf,False,672,206,466,676.0,1.0,1.0,True,True,1,1,0,True,1,1,0,0,True,True,0,13,12,13,12,1,SS,sampled_pool,,,True,0.7777777777777778,0.784222582565395,0.2222222222222222,0.1,adaptive,spacing_aware_flip,offspring,feasible_start_adaptive_spacing,,,,feasible_start_adaptive_spacing,0.5,,True,auto_from_instance,0.75,0.35,"5,7,9,17,23,27,28,29,37,39,47,49,56","2,6,9,13,15,17,19,20,21,22,23,30",,,,,,"H[5,7,9,17,23,27,28,29,37,39,47,49,56]|V[2,6,9,13,15,17,19,20,21,22,23,30]",1d86290022dd5e2c97367644c31a54117380bf1c
proposed_nsga2_bs_Gyorgy-KOVACS_WH_Narrow_AW_4_seed_104,proposed_nsga2_bs,Gyorgy-KOVACS_WH_Narrow_AW_4,104,13,auto_from_instance,12,18,4,30,216,,,,,5,2,4,root > V:28 > BH:27 > BV:21 > BV:21,evaluated,2,inf,False,680,262,418,576.0,1.0,1.0,True,True,1,1,0,True,1,1,0,0,True,True,0,14,17,14,17,2,LS,sampled_pool,,,False,0.7777777777777778,0.6503659015636818,0.2222222222222222,0.1,adaptive,spacing_aware_flip,offspring,feasible_start_adaptive_spacing,,,,feasible_start_adaptive_spacing,0.5,,True,auto_from_instance,0.75,0.35,"7,8,9,17,23,27,28,29,37,39,43,47,49,50","1,6,9,13,15,17,19,20,22,23,24,27,28,32,33,34",,,,,,"H[7,8,9,17,23,27,28,29,37,39,43,47,49,50]|V[1,6,9,13,15,17,19,20,21,22,23,24,27,28,32,33,34]",67a6f4f8f954f77d80a9f7aeff15d9041dc361bd
proposed_nsga2_bs_Gyorgy-KOVACS_WH_Narrow_AW_4_seed_104,proposed_nsga2_bs,Gyorgy-KOVACS_WH_Narrow_AW_4,104,13,auto_from_instance,12,18,4,30,216,,,,,6,2,4,root > V:28 > BH:27 > BV:19 > BV:21,selected,1,inf,True,680,262,418,524.0,1.0,1.0,True,True,1,1,0,True,1,1,0,0,True,True,0,14,17,14,17,2,LS,sampled_pool,,,False,0.7777777777777778,0.6503659015636818,0.2222222222222222,0.1,adaptive,spacing_aware_flip,offspring,feasible_start_adaptive_spacing,,,,feasible_start_adaptive_spacing,0.5,,True,auto_from_instance,0.75,0.35,"7,8,9,17,23,27,28,29,37,39,43,47,49,50","1,6,9,13,15,17,19,20,22,23,24,27,28,32,33,34",,,,,,"H[7,8,9,17,23,27,28,29,37,39,43,47,49,50]|V[1,6,9,13,15,17,19,20,21,22,23,24,27,28,32,33,34]",334779b46d5c288ee3031362a71af20db7b63dd5
proposed_nsga2_bs_Gyorgy-KOVACS_WH_Narrow_AW_4_seed_104,proposed_nsga2_bs,Gyorgy-KOVACS_WH_Narrow_AW_4,104,13,auto_from_instance,12,18,4,30,216,,,,,7,2,4,root > V:28 > BH:27 > BV:17 > BV:21,evaluated,2,inf,False,680,262,418,576.0,1.0,1.0,True,True,1,1,0,True,1,1,0,0,True,True,0,14,17,14,17,2,LS,sampled_pool,,,False,0.7777777777777778,0.6503659015636818,0.2222222222222222,0.1,adaptive,spacing_aware_flip,offspring,feasible_start_adaptive_spacing,,,,feasible_start_adaptive_spacing,0.5,,True,auto_from_instance,0.75,0.35,"7,8,9,17,23,27,28,29,37,39,43,47,49,50","1,6,9,13,15,17,19,20,22,23,24,27,28,32,33,34",,,,,,"H[7,8,9,17,23,27,28,29,37,39,43,47,49,50]|V[1,6,9,13,15,17,19,20,21,22,23,24,27,28,32,33,34]",0cf129bcce89e5f8a26de7d155210a53886c00dc
proposed_nsga2_bs_Gyorgy-KOVACS_WH_Narrow_AW_4_seed_104,proposed_nsga2_bs,Gyorgy-KOVACS_WH_Narrow_AW_4,104,13,auto_from_instance,12,18,4,30,216,,,,,8,2,4,root > V:28 > BH:27 > BV:21 > BV:19,selected,1,0.0,True,680,262,418,524.0,1.0,1.0,True,True,1,1,0,True,1,1,0,0,True,True,0,14,17,14,17,2,LS,sampled_pool,,,False,0.7777777777777778,0.6503659015636818,0.2222222222222222,0.1,adaptive,spacing_aware_flip,offspring,feasible_start_adaptive_spacing,,,,feasible_start_adaptive_spacing,0.5,,True,auto_from_instance,0.75,0.35,"7,8,9,17,23,27,28,29,37,39,43,47,49,50","1,6,9,13,15,17,19,20,22,23,24,27,28,32,33,34",,,,,,"H[7,8,9,17,23,27,28,29,37,39,43,47,49,50]|V[1,6,9,13,15,17,19,20,21,22,23,24,27,28,32,33,34]",8f2926ac3d427dac9f2e22e7dbb4782d03fe71f9
proposed_nsga2_bs_Gyorgy-KOVACS_WH_Narrow_AW_4_seed_104,proposed_nsga2_bs,Gyorgy-KOVACS_WH_Narrow_AW_4,104,13,auto_from_instance,12,18,4,30,216,,,,,9,3,4,root > V:28 > BH:27 > BV:19 > BV:19,selected,0,inf,True,680,262,418,472.0,1.0,1.0,True,True,1,1,0,True,1,1,0,0,True,True,0,13,14,13,14,3,PF_SS_RP,sampled_pool,,,True,0.7777777777777778,0.7406939767374627,0.2222222222222222,0.1,adaptive,spacing_aware_flip,offspring,feasible_start_adaptive_spacing,,,,feasible_start_adaptive_spacing,0.5,,True,auto_from_instance,0.75,0.35,"5,7,9,13,17,23,27,28,29,37,39,47,49","2,6,9,13,15,17,19,20,21,22,23,24,28,32",,,,,,"H[5,7,9,13,17,23,27,28,29,37,39,47,49]|V[2,6,9,13,15,17,19,20,21,22,23,24,28,32]",fc4825140fa5e2560776b4b932f5ef46c1588f36
proposed_nsga2_bs_Gyorgy-KOVACS_WH_Narrow_AW_4_seed_104,proposed_nsga2_bs,Gyorgy-KOVACS_WH_Narrow_AW_4,104,13,auto_from_instance,12,18,4,30,216,,,,,10,3,4,root > V:28 > BH:27 > BV:19 > BV:17,selected,1,inf,True,680,262,418,524.0,1.0,1.0,True,True,1,1,0,True,1,1,0,0,True,True,0,13,14,13,14,3,PF_SS_RP,sampled_pool,,,True,0.7777777777777778,0.7406939767374627,0.2222222222222222,0.1,adaptive,spacing_aware_flip,offspring,feasible_start_adaptive_spacing,,,,feasible_start_adaptive_spacing,0.5,,True,auto_from_instance,0.75,0.35,"5,7,9,13,17,23,27,28,29,37,39,47,49","2,6,9,13,15,17,19,20,21,22,23,24,28,32",,,,,,"H[5,7,9,13,17,23,27,28,29,37,39,47,49]|V[2,6,9,13,15,17,19,20,21,22,23,24,28,32]",c3a8d798cccc0ae6137f5d1801f12286f82d75a7
proposed_nsga2_bs_Gyorgy-KOVACS_WH_Narrow_AW_4_seed_104,proposed_nsga2_bs,Gyorgy-KOVACS_WH_Narrow_AW_4,104,13,auto_from_instance,12,18,4,30,216,,,,,11,4,8,root > V:15 > BH:27 > BH:49 > BH:41 > BH:29 > BH:17 > BH:9 > BV:27,evaluated,2,inf,False,608,261,347,539.0,1.0,1.0,True,True,1,1,0,True,1,1,0,0,True,True,0,15,13,15,13,4,PF,sampled_pool,,,False,0.7777777777777778,0.7514466415637862,0.2222222222222222,0.1,adaptive,remove_random_aisle,offspring,feasible_start_adaptive_spacing,,,,feasible_start_adaptive_spacing,0.5,,True,auto_from_instance,0.75,0.35,"7,8,9,23,27,28,29,37,39,43,47,49,50","6,9,13,15,17,19,20,22,23,27,30,33,34",,,,,,"H[7,8,9,17,23,27,28,29,37,39,41,43,47,49,50]|V[6,9,13,15,17,19,20,22,23,27,30,33,34]",5855b7a2ce0f7102686a835ce8b745d34e7270fe
proposed_nsga2_bs_Gyorgy-KOVACS_WH_Narrow_AW_4_seed_104,proposed_nsga2_bs,Gyorgy-KOVACS_WH_Narrow_AW_4,104,13,auto_from_instance,12,18,4,30,216,,,,,12,4,8,root > V:15 > BH:27 > BH:49 > BH:39 > BH:29 > BH:17 > BH:9 > BV:27,selected,1,inf,True,608,261,347,509.0,1.0,1.0,True,True,1,1,0,True,1,1,0,0,True,True,0,14,13,14,13,4,PF,sampled_pool,,,False,0.7777777777777778,0.7514466415637862,0.2222222222222222,0.1,adaptive,remove_random_aisle,offspring,feasible_start_adaptive_spacing,,,,feasible_start_adaptive_spacing,0.5,,True,auto_from_instance,0.75,0.35,"7,8,9,23,27,28,29,37,39,43,47,49,50","6,9,13,15,17,19,20,22,23,27,30,33,34",,,,,,"H[7,8,9,17,23,27,28,29,37,39,43,47,49,50]|V[6,9,13,15,17,19,20,22,23,27,30,33,34]",fc0563743447995c195c8e655d4713bfa38a660a
proposed_nsga2_bs_Gyorgy-KOVACS_WH_Narrow_AW_4_seed_104,proposed_nsga2_bs,Gyorgy-KOVACS_WH_Narrow_AW_4,104,13,auto_from_instance,12,18,4,30,216,,,,,13,4,8,root > V:15 > BH:27 > BH:49 > BH:41 > BH:29 > BH:17 > BH:9 > BV:25,evaluated,4,inf,False,608,261,347,595.0,1.0,1.0,True,True,1,1,0,True,1,1,0,0,True,True,0,15,14,15,14,4,PF,sampled_pool,,,False,0.7777777777777778,0.7514466415637862,0.2222222222222222,0.1,adaptive,remove_random_aisle,offspring,feasible_start_adaptive_spacing,,,,feasible_start_adaptive_spacing,0.5,,True,auto_from_instance,0.75,0.35,"7,8,9,23,27,28,29,37,39,43,47,49,50","6,9,13,15,17,19,20,22,23,27,30,33,34",,,,,,"H[7,8,9,17,23,27,28,29,37,39,41,43,47,49,50]|V[6,9,13,15,17,19,20,22,23,25,27,30,33,34]",08dfdb08ca75b8739e2c3ffebea5b42db822e898
proposed_nsga2_bs_Gyorgy-KOVACS_WH_Narrow_AW_4_seed_104,proposed_nsga2_bs,Gyorgy-KOVACS_WH_Narrow_AW_4,104,13,auto_from_instance,12,18,4,30,216,,,,,14,4,8,root > V:15 > BH:27 > BH:49 > BH:39 > BH:29 > BH:17 > BH:9 > BV:25,evaluated,3,inf,False,608,261,347,565.0,1.0,1.0,True,True,1,1,0,True,1,1,0,0,True,True,0,14,14,14,14,4,PF,sampled_pool,,,False,0.7777777777777778,0.7514466415637862,0.2222222222222222,0.1,adaptive,remove_random_aisle,offspring,feasible_start_adaptive_spacing,,,,feasible_start_adaptive_spacing,0.5,,True,auto_from_instance,0.75,0.35,"7,8,9,23,27,28,29,37,39,43,47,49,50","6,9,13,15,17,19,20,22,23,27,30,33,34",,,,,,"H[7,8,9,17,23,27,28,29,37,39,43,47,49,50]|V[6,9,13,15,17,19,20,22,23,25,27,30,33,34]",57debfbcb33569e7a9d11cf7896db530f119ad92
proposed_nsga2_bs_Gyorgy-KOVACS_WH_Narrow_AW_4_seed_104,proposed_nsga2_bs,Gyorgy-KOVACS_WH_Narrow_AW_4,104,13,auto_from_instance,12,18,4,30,216,,,,,15,5,8,root > V:17 > BH:27 > BH:5 > BH:15 > BH:25 > BH:37 > BH:47 > BV:27,selected,1,1.9011688311688313,True,648,237,411,490.0,1.0,1.0,True,True,1,1,0,True,1,1,0,0,True,True,0,14,13,14,13,5,LS_SS,sampled_pool,,,True,0.7777777777777778,0.8035616402117467,0.2222222222222222,0.1,adaptive,break_symmetry,offspring,feasible_start_adaptive_spacing,,,,feasible_start_adaptive_spacing,0.5,,True,auto_from_instance,0.75,0.35,"5,7,9,17,23,27,28,29,37,39,47,49","2,6,8,13,15,17,19,20,21,22,23,27,30",,,,,,"H[5,7,9,15,17,23,25,27,28,29,37,39,47,49]|V[2,6,8,13,15,17,19,20,21,22,23,27,30]",3ab80a1d8e68880e815ad780c83cfc2449e7f93f
proposed_nsga2_bs_Gyorgy-KOVACS_WH_Narrow_AW_4_seed_104,proposed_nsga2_bs,Gyorgy-KOVACS_WH_Narrow_AW_4,104,13,auto_from_instance,12,18,4,30,216,,,,,16,5,8,root > V:17 > BH:27 > BH:49 > BH:39 > BH:29 > BH:17 > BH:7 > BV:27,selected,1,inf,True,648,237,411,490.0,1.0,1.0,True,True,1,1,0,True,1,1,0,0,True,True,0,12,13,12,13,5,LS_SS,sampled_pool,,,True,0.7777777777777778,0.8035616402117467,0.2222222222222222,0.1,adaptive,break_symmetry,offspring,feasible_start_adaptive_spacing,,,,feasible_start_adaptive_spacing,0.5,,True,auto_from_instance,0.75,0.35,"5,7,9,17,23,27,28,29,37,39,47,49","2,6,8,13,15,17,19,20,21,22,23,27,30",,,,,,"H[5,7,9,17,23,27,28,29,37,39,47,49]|V[2,6,8,13,15,17,19,20,21,22,23,27,30]",451b31cd7494c0e29ac39737991e84853f054397
proposed_nsga2_bs_Gyorgy-KOVACS_WH_Narrow_AW_4_seed_104,proposed_nsga2_bs,Gyorgy-KOVACS_WH_Narrow_AW_4,104,13,auto_from_instance,12,18,4,30,216,,,,,17,5,8,root > V:17 > BH:27 > BH:5 > BH:15 > BH:25 > BH:37 > BH:47 > BV:25,evaluated,3,inf,False,648,237,411,544.0,1.0,1.0,True,True,1,1,0,True,1,1,0,0,True,True,0,14,14,14,14,5,LS_SS,sampled_pool,,,True,0.7777777777777778,0.8035616402117467,0.2222222222222222,0.1,adaptive,break_symmetry,offspring,feasible_start_adaptive_spacing,,,,feasible_start_adaptive_spacing,0.5,,True,auto_from_instance,0.75,0.35,"5,7,9,17,23,27,28,29,37,39,47,49","2,6,8,13,15,17,19,20,21,22,23,27,30",,,,,,"H[5,7,9,15,17,23,25,27,28,29,37,39,47,49]|V[2,6,8,13,15,17,19,20,21,22,23,25,27,30]",24e93b3467ee5334276be59c5b6e878bb2e06a66
proposed_nsga2_bs_Gyorgy-KOVACS_WH_Narrow_AW_4_seed_104,proposed_nsga2_bs,Gyorgy-KOVACS_WH_Narrow_AW_4,104,13,auto_from_instance,12,18,4,30,216,,,,,18,5,8,root > V:17 > BH:27 > BH:49 > BH:39 > BH:29 > BH:17 > BH:7 > BV:25,evaluated,3,inf,False,648,237,411,544.0,1.0,1.0,True,True,1,1,0,True,1,1,0,0,True,True,0,12,14,12,14,5,LS_SS,sampled_pool,,,True,0.7777777777777778,0.8035616402117467,0.2222222222222222,0.1,adaptive,break_symmetry,offspring,feasible_start_adaptive_spacing,,,,feasible_start_adaptive_spacing,0.5,,True,auto_from_instance,0.75,0.35,"5,7,9,17,23,27,28,29,37,39,47,49","2,6,8,13,15,17,19,20,21,22,23,27,30",,,,,,"H[5,7,9,17,23,27,28,29,37,39,47,49]|V[2,6,8,13,15,17,19,20,21,22,23,25,27,30]",19631d63ec0204b55a5a6d539d26aaf84a80581d
proposed_nsga2_bs_Gyorgy-KOVACS_WH_Narrow_AW_4_seed_104,proposed_nsga2_bs,Gyorgy-KOVACS_WH_Narrow_AW_4,104,13,auto_from_instance,12,18,4,30,216,,,,,19,8,4,root > V:27 > BH:27 > BV:19 > BV:19,selected,1,inf,True,684,260,424,484.0,1.0,1.0,True,True,1,1,0,True,1,1,0,0,True,True,0,12,11,12,11,8,RP,sampled_pool,,,False,0.7777777777777778,0.8216313961257146,0.2222222222222222,0.1,adaptive,bit_flip,offspring,feasible_start_adaptive_spacing,,,,feasible_start_adaptive_spacing,0.5,,True,auto_from_instance,0.75,0.35,"5,7,9,17,23,27,28,29,37,39,47,49","6,15,17,19,20,21,22,27,30,32,34",,,,,,"H[5,7,9,17,23,27,28,29,37,39,47,49]|V[6,15,17,19,20,21,22,27,30,32,34]",9baad5a6d6d08df213ec54891109e23b1069a9a5
proposed_nsga2_bs_Gyorgy-KOVACS_WH_Narrow_AW_4_seed_104,proposed_nsga2_bs,Gyorgy-KOVACS_WH_Narrow_AW_4,104,13,auto_from_instance,12,18,4,30,216,,,,,20,8,4,root > V:27 > BH:27 > BV:17 > BV:19,selected,1,0.0,True,684,260,424,484.0,1.0,1.0,True,True,1,1,0,True,1,1,0,0,True,True,0,12,11,12,11,8,RP,sampled_pool,,,False,0.7777777777777778,0.8216313961257146,0.2222222222222222,0.1,adaptive,bit_flip,offspring,feasible_start_adaptive_spacing,,,,feasible_start_adaptive_spacing,0.5,,True,auto_from_instance,0.75,0.35,"5,7,9,17,23,27,28,29,37,39,47,49","6,15,17,19,20,21,22,27,30,32,34",,,,,,"H[5,7,9,17,23,27,28,29,37,39,47,49]|V[6,15,17,19,20,21,22,27,30,32,34]",7ea492661f4a7d780540a41c5bfc758906148e19
proposed_nsga2_bs_Gyorgy-KOVACS_WH_Narrow_AW_4_seed_104,proposed_nsga2_bs,Gyorgy-KOVACS_WH_Narrow_AW_4,104,13,auto_from_instance,12,18,4,30,216,,,,,21,8,4,root > V:27 > BH:27 > BV:19 > BV:17,evaluated,1,0.0,False,684,260,424,484.0,1.0,1.0,True,True,1,1,0,True,1,1,0,0,True,True,0,12,11,12,11,8,RP,sampled_pool,,,False,0.7777777777777778,0.8216313961257146,0.2222222222222222,0.1,adaptive,bit_flip,offspring,feasible_start_adaptive_spacing,,,,feasible_start_adaptive_spacing,0.5,,True,auto_from_instance,0.75,0.35,"5,7,9,17,23,27,28,29,37,39,47,49","6,15,17,19,20,21,22,27,30,32,34",,,,,,"H[5,7,9,17,23,27,28,29,37,39,47,49]|V[6,15,17,19,20,21,22,27,30,32,34]",59c55a28d53f47701301421f850890ad1de7d63b
proposed_nsga2_bs_Gyorgy-KOVACS_WH_Narrow_AW_4_seed_104,proposed_nsga2_bs,Gyorgy-KOVACS_WH_Narrow_AW_4,104,13,auto_from_instance,12,18,4,30,216,,,,,22,8,4,root > V:27 > BH:27 > BV:17 > BV:17,selected,1,inf,True,684,260,424,484.0,1.0,1.0,True,True,1,1,0,True,1,1,0,0,True,True,0,12,11,12,11,8,RP,sampled_pool,,,False,0.7777777777777778,0.8216313961257146,0.2222222222222222,0.1,adaptive,bit_flip,offspring,feasible_start_adaptive_spacing,,,,feasible_start_adaptive_spacing,0.5,,True,auto_from_instance,0.75,0.35,"5,7,9,17,23,27,28,29,37,39,47,49","6,15,17,19,20,21,22,27,30,32,34",,,,,,"H[5,7,9,17,23,27,28,29,37,39,47,49]|V[6,15,17,19,20,21,22,27,30,32,34]",6732d5258a9313035bead181283e041def90bbb2
proposed_nsga2_bs_Gyorgy-KOVACS_WH_Narrow_AW_4_seed_104,proposed_nsga2_bs,Gyorgy-KOVACS_WH_Narrow_AW_4,104,13,auto_from_instance,12,18,4,30,216,,,,,23,12,9,root > V:15 > BH:27 > BH:5 > BH:15 > BH:25 > BH:37 > BH:47 > BV:23 > BV:30,selected,0,inf,True,592,261,331,462.0,1.0,1.0,True,True,1,1,0,True,1,1,0,0,True,True,0,17,12,17,12,12,LS_SS,sampled_pool,,,True,0.7777777777777778,0.8403102534974273,0.2222222222222222,0.1,adaptive,bit_flip,offspring,feasible_start_adaptive_spacing,,,,feasible_start_adaptive_spacing,0.5,,True,auto_from_instance,0.75,0.35,"7,8,9,17,23,27,28,29,34,37,39,47,49,50","6,9,15,18,19,20,22,23,27,30,33,34",,,,,,"H[5,7,8,9,15,17,23,25,27,28,29,34,37,39,47,49,50]|V[6,9,15,18,19,20,22,23,27,30,33,34]",9ee2190bb5e677e5dd6004d3c767bf39ff3449fb
proposed_nsga2_bs_Gyorgy-KOVACS_WH_Narrow_AW_4_seed_104,proposed_nsga2_bs,Gyorgy-KOVACS_WH_Narrow_AW_4,104,13,auto_from_instance,12,18,4,30,216,,,,,24,12,9,root > V:15 > BH:27 > BH:49 > BH:39 > BH:29 > BH:17 > BH:7 > BV:23 > BV:30,selected,0,inf,True,592,261,331,462.0,1.0,1.0,True,True,1,1,0,True,1,1,0,0,True,True,0,14,12,14,12,12,LS_SS,sampled_pool,,,True,0.7777777777777778,0.8403102534974273,0.2222222222222222,0.1,adaptive,bit_flip,offspring,feasible_start_adaptive_spacing,,,,feasible_start_adaptive_spacing,0.5,,True,auto_from_instance,0.75,0.35,"7,8,9,17,23,27,28,29,34,37,39,47,49,50","6,9,15,18,19,20,22,23,27,30,33,34",,,,,,"H[7,8,9,17,23,27,28,29,34,37,39,47,49,50]|V[6,9,15,18,19,20,22,23,27,30,33,34]",eef866e48d563b788dc6683537da31dffdbde584
proposed_nsga2_bs_Gyorgy-KOVACS_WH_Narrow_AW_4_seed_104,proposed_nsga2_bs,Gyorgy-KOVACS_WH_Narrow_AW_4,104,14,auto_from_instance,12,18,4,30,216,,,,,1,1,4,root > V:27 > BH:27 > BV:19 > BV:19,selected,2,0.6257309941520467,True,684,260,424,484.0,1.0,1.0,True,True,1,1,0,True,1,1,0,0,True,True,0,12,12,12,12,1,SS_PF_LS,sampled_pool,,,True,0.8333333333333334,0.8265017452732984,0.16666666666666663,0.1,adaptive,bit_flip,offspring,feasible_start_adaptive_spacing,,,,feasible_start_adaptive_spacing,0.5,,True,auto_from_instance,0.75,0.35,"5,7,9,17,23,27,28,29,37,39,47,49","6,15,17,19,20,21,22,27,30,32,33,34",,,,,,"H[5,7,9,17,23,27,28,29,37,39,47,49]|V[6,15,17,19,20,21,22,27,30,32,33,34]",9baad5a6d6d08df213ec54891109e23b1069a9a5
proposed_nsga2_bs_Gyorgy-KOVACS_WH_Narrow_AW_4_seed_104,proposed_nsga2_bs,Gyorgy-KOVACS_WH_Narrow_AW_4,104,14,auto_from_instance,12,18,4,30,216,,,,,2,1,4,root > V:27 > BH:27 > BV:17 > BV:19,selected,2,0.0,True,684,260,424,484.0,1.0,1.0,True,True,1,1,0,True,1,1,0,0,True,True,0,12,12,12,12,1,SS_PF_LS,sampled_pool,,,True,0.8333333333333334,0.8265017452732984,0.16666666666666663,0.1,adaptive,bit_flip,offspring,feasible_start_adaptive_spacing,,,,feasible_start_adaptive_spacing,0.5,,True,auto_from_instance,0.75,0.35,"5,7,9,17,23,27,28,29,37,39,47,49","6,15,17,19,20,21,22,27,30,32,33,34",,,,,,"H[5,7,9,17,23,27,28,29,37,39,47,49]|V[6,15,17,19,20,21,22,27,30,32,33,34]",7ea492661f4a7d780540a41c5bfc758906148e19
proposed_nsga2_bs_Gyorgy-KOVACS_WH_Narrow_AW_4_seed_104,proposed_nsga2_bs,Gyorgy-KOVACS_WH_Narrow_AW_4,104,14,auto_from_instance,12,18,4,30,216,,,,,3,1,4,root > V:27 > BH:27 > BV:19 > BV:17,selected,2,0.0,True,684,260,424,484.0,1.0,1.0,True,True,1,1,0,True,1,1,0,0,True,True,0,12,12,12,12,1,SS_PF_LS,sampled_pool,,,True,0.8333333333333334,0.8265017452732984,0.16666666666666663,0.1,adaptive,bit_flip,offspring,feasible_start_adaptive_spacing,,,,feasible_start_adaptive_spacing,0.5,,True,auto_from_instance,0.75,0.35,"5,7,9,17,23,27,28,29,37,39,47,49","6,15,17,19,20,21,22,27,30,32,33,34",,,,,,"H[5,7,9,17,23,27,28,29,37,39,47,49]|V[6,15,17,19,20,21,22,27,30,32,33,34]",59c55a28d53f47701301421f850890ad1de7d63b
proposed_nsga2_bs_Gyorgy-KOVACS_WH_Narrow_AW_4_seed_104,proposed_nsga2_bs,Gyorgy-KOVACS_WH_Narrow_AW_4,104,14,auto_from_instance,12,18,4,30,216,,,,,4,1,4,root > V:27 > BH:27 > BV:17 > BV:17,selected,2,inf,True,684,260,424,484.0,1.0,1.0,True,True,1,1,0,True,1,1,0,0,True,True,0,12,12,12,12,1,SS_PF_LS,sampled_pool,,,True,0.8333333333333334,0.8265017452732984,0.16666666666666663,0.1,adaptive,bit_flip,offspring,feasible_start_adaptive_spacing,,,,feasible_start_adaptive_spacing,0.5,,True,auto_from_instance,0.75,0.35,"5,7,9,17,23,27,28,29,37,39,47,49","6,15,17,19,20,21,22,27,30,32,33,34",,,,,,"H[5,7,9,17,23,27,28,29,37,39,47,49]|V[6,15,17,19,20,21,22,27,30,32,33,34]",6732d5258a9313035bead181283e041def90bbb2
proposed_nsga2_bs_Gyorgy-KOVACS_WH_Narrow_AW_4_seed_104,proposed_nsga2_bs,Gyorgy-KOVACS_WH_Narrow_AW_4,104,14,auto_from_instance,12,18,4,30,216,,,,,5,2,4,root > V:28 > BH:27 > BV:19 > BV:19,selected,1,inf,True,680,262,418,472.0,1.0,1.0,True,True,1,1,0,True,1,1,0,0,True,True,0,15,17,15,17,2,PF_LS_RP,sampled_pool,,,False,0.8333333333333334,0.7863647685363008,0.16666666666666663,0.1,adaptive,insert_random_aisle,offspring,feasible_start_adaptive_spacing,,,,feasible_start_adaptive_spacing,0.5,,True,auto_from_instance,0.75,0.35,"7,8,9,16,17,23,27,28,29,37,39,43,47,49,50","1,6,9,13,15,17,19,20,21,22,23,24,27,28,32,33,34",,,,,,"H[7,8,9,16,17,23,27,28,29,37,39,43,47,49,50]|V[1,6,9,13,15,17,19,20,21,22,23,24,27,28,32,33,34]",fc4825140fa5e2560776b4b932f5ef46c1588f36
proposed_nsga2_bs_Gyorgy-KOVACS_WH_Narrow_AW_4_seed_104,proposed_nsga2_bs,Gyorgy-KOVACS_WH_Narrow_AW_4,104,14,auto_from_instance,12,18,4,30,216,,,,,6,2,4,root > V:28 > BH:27 > BV:19 > BV:21,selected,2,inf,True,680,262,418,524.0,1.0,1.0,True,True,1,1,0,True,1,1,0,0,True,True,0,15,17,15,17,2,PF_LS_RP,sampled_pool,,,False,0.8333333333333334,0.7863647685363008,0.16666666666666663,0.1,adaptive,insert_random_aisle,offspring,feasible_start_adaptive_spacing,,,,feasible_start_adaptive_spacing,0.5,,True,auto_from_instance,0.75,0.35,"7,8,9,16,17,23,27,28,29,37,39,43,47,49,50","1,6,9,13,15,17,19,20,21,22,23,24,27,28,32,33,34",,,,,,"H[7,8,9,16,17,23,27,28,29,37,39,43,47,49,50]|V[1,6,9,13,15,17,19,20,21,22,23,24,27,28,32,33,34]",334779b46d5c288ee3031362a71af20db7b63dd5
proposed_nsga2_bs_Gyorgy-KOVACS_WH_Narrow_AW_4_seed_104,proposed_nsga2_bs,Gyorgy-KOVACS_WH_Narrow_AW_4,104,14,auto_from_instance,12,18,4,30,216,,,,,7,2,4,root > V:28 > BH:27 > BV:19 > BV:21,selected,2,0.0,True,680,262,418,524.0,1.0,1.0,True,True,1,1,0,True,1,1,0,0,True,True,0,15,17,15,17,2,PF_LS_RP,sampled_pool,,,False,0.8333333333333334,0.7863647685363008,0.16666666666666663,0.1,adaptive,insert_random_aisle,offspring,feasible_start_adaptive_spacing,,,,feasible_start_adaptive_spacing,0.5,,True,auto_from_instance,0.75,0.35,"7,8,9,16,17,23,27,28,29,37,39,43,47,49,50","1,6,9,13,15,17,19,20,21,22,23,24,27,28,32,33,34",,,,,,"H[7,8,9,16,17,23,27,28,29,37,39,43,47,49,50]|V[1,6,9,13,15,17,19,20,21,22,23,24,27,28,32,33,34]",8f2926ac3d427dac9f2e22e7dbb4782d03fe71f9
proposed_nsga2_bs_Gyorgy-KOVACS_WH_Narrow_AW_4_seed_104,proposed_nsga2_bs,Gyorgy-KOVACS_WH_Narrow_AW_4,104,14,auto_from_instance,12,18,4,30,216,,,,,8,2,4,root > V:28 > BH:27 > BV:19 > BV:17,selected,2,inf,True,680,262,418,524.0,1.0,1.0,True,True,1,1,0,True,1,1,0,0,True,True,0,15,17,15,17,2,PF_LS_RP,sampled_pool,,,False,0.8333333333333334,0.7863647685363008,0.16666666666666663,0.1,adaptive,insert_random_aisle,offspring,feasible_start_adaptive_spacing,,,,feasible_start_adaptive_spacing,0.5,,True,auto_from_instance,0.75,0.35,"7,8,9,16,17,23,27,28,29,37,39,43,47,49,50","1,6,9,13,15,17,19,20,21,22,23,24,27,28,32,33,34",,,,,,"H[7,8,9,16,17,23,27,28,29,37,39,43,47,49,50]|V[1,6,9,13,15,17,19,20,21,22,23,24,27,28,32,33,34]",c3a8d798cccc0ae6137f5d1801f12286f82d75a7
proposed_nsga2_bs_Gyorgy-KOVACS_WH_Narrow_AW_4_seed_104,proposed_nsga2_bs,Gyorgy-KOVACS_WH_Narrow_AW_4,104,14,auto_from_instance,12,18,4,30,216,,,,,9,3,9,root > V:15 > BH:27 > BH:5 > BH:15 > BH:25 > BH:37 > BH:47 > BV:23 > BV:30,selected,1,inf,True,592,261,331,462.0,1.0,1.0,True,True,1,1,0,True,1,1,0,0,True,True,0,14,13,14,13,3,LS_RP,sampled_pool,,,False,0.8333333333333334,0.8315877969490669,0.16666666666666663,0.1,adaptive,remove_random_aisle,offspring,feasible_start_adaptive_spacing,,,,feasible_start_adaptive_spacing,0.5,,True,auto_from_instance,0.75,0.35,"5,7,9,17,23,27,28,29,37,39,47,49","2,6,8,13,15,17,19,21,22,23,27,30,34",,,,,,"H[5,7,9,15,17,23,25,27,28,29,37,39,47,49]|V[2,6,8,13,15,17,19,21,22,23,27,30,34]",9ee2190bb5e677e5dd6004d3c767bf39ff3449fb
proposed_nsga2_bs_Gyorgy-KOVACS_WH_Narrow_AW_4_seed_104,proposed_nsga2_bs,Gyorgy-KOVACS_WH_Narrow_AW_4,104,14,auto_from_instance,12,18,4,30,216,,,,,10,3,9,root > V:15 > BH:27 > BH:49 > BH:39 > BH:29 > BH:17 > BH:7 > BV:23 > BV:30,selected,1,inf,True,592,261,331,462.0,1.0,1.0,True,True,1,1,0,True,1,1,0,0,True,True,0,12,13,12,13,3,LS_RP,sampled_pool,,,False,0.8333333333333334,0.8315877969490669,0.16666666666666663,0.1,adaptive,remove_random_aisle,offspring,feasible_start_adaptive_spacing,,,,feasible_start_adaptive_spacing,0.5,,True,auto_from_instance,0.75,0.35,"5,7,9,17,23,27,28,29,37,39,47,49","2,6,8,13,15,17,19,21,22,23,27,30,34",,,,,,"H[5,7,9,17,23,27,28,29,37,39,47,49]|V[2,6,8,13,15,17,19,21,22,23,27,30,34]",eef866e48d563b788dc6683537da31dffdbde584
proposed_nsga2_bs_Gyorgy-KOVACS_WH_Narrow_AW_4_seed_104,proposed_nsga2_bs,Gyorgy-KOVACS_WH_Narrow_AW_4,104,14,auto_from_instance,12,18,4,30,216,,,,,11,4,8,root > V:17 > BH:27 > BH:49 > BH:41 > BH:29 > BH:17 > BH:9 > BV:27,evaluated,3,inf,False,640,243,397,493.0,1.0,1.0,True,True,1,1,0,True,1,1,0,0,True,True,0,13,10,13,10,4,LS_PF,sampled_pool,,,False,0.8333333333333334,0.7786729663972212,0.16666666666666663,0.1,adaptive,bit_flip,offspring,feasible_start_adaptive_spacing,,,,feasible_start_adaptive_spacing,0.5,,True,auto_from_instance,0.75,0.35,"5,7,9,17,23,27,28,37,39,47,49","6,15,17,19,20,21,22,27,30,32",,,,,,"H[5,7,9,17,23,27,28,29,37,39,41,47,49]|V[6,15,17,19,20,21,22,27,30,32]",6b741b69cafdf845076912c9118d6404ec3124cc
proposed_nsga2_bs_Gyorgy-KOVACS_WH_Narrow_AW_4_seed_104,proposed_nsga2_bs,Gyorgy-KOVACS_WH_Narrow_AW_4,104,14,auto_from_instance,12,18,4,30,216,,,,,12,4,8,root > V:17 > BH:27 > BH:49 > BH:39 > BH:29 > BH:17 > BH:9 > BV:27,selected,2,inf,True,640,243,397,467.0,1.0,1.0,True,True,1,1,0,True,1,1,0,0,True,True,0,12,10,12,10,4,LS_PF,sampled_pool,,,False,0.8333333333333334,0.7786729663972212,0.16666666666666663,0.1,adaptive,bit_flip,offspring,feasible_start_adaptive_spacing,,,,feasible_start_adaptive_spacing,0.5,,True,auto_from_instance,0.75,0.35,"5,7,9,17,23,27,28,37,39,47,49","6,15,17,19,20,21,22,27,30,32",,,,,,"H[5,7,9,17,23,27,28,29,37,39,47,49]|V[6,15,17,19,20,21,22,27,30,32]",c31e5af53b1ab973249c91c35b02a53fe27d43b5
proposed_nsga2_bs_Gyorgy-KOVACS_WH_Narrow_AW_4_seed_104,proposed_nsga2_bs,Gyorgy-KOVACS_WH_Narrow_AW_4,104,14,auto_from_instance,12,18,4,30,216,,,,,13,4,8,root > V:17 > BH:27 > BH:49 > BH:41 > BH:29 > BH:17 > BH:9 > BV:25,evaluated,5,inf,False,640,243,397,565.0,1.0,1.0,True,True,1,1,0,True,1,1,0,0,True,True,0,13,11,13,11,4,LS_PF,sampled_pool,,,False,0.8333333333333334,0.7786729663972212,0.16666666666666663,0.1,adaptive,bit_flip,offspring,feasible_start_adaptive_spacing,,,,feasible_start_adaptive_spacing,0.5,,True,auto_from_instance,0.75,0.35,"5,7,9,17,23,27,28,37,39,47,49","6,15,17,19,20,21,22,27,30,32",,,,,,"H[5,7,9,17,23,27,28,29,37,39,41,47,49]|V[6,15,17,19,20,21,22,25,27,30,32]",39a901559adc49da187861c456901969a94fbc3c
proposed_nsga2_bs_Gyorgy-KOVACS_WH_Narrow_AW_4_seed_104,proposed_nsga2_bs,Gyorgy-KOVACS_WH_Narrow_AW_4,104,14,auto_from_instance,12,18,4,30,216,,,,,14,4,8,root > V:17 > BH:27 > BH:49 > BH:39 > BH:29 > BH:17 > BH:9 > BV:25,evaluated,4,inf,False,640,243,397,539.0,1.0,1.0,True,True,1,1,0,True,1,1,0,0,True,True,0,12,11,12,11,4,LS_PF,sampled_pool,,,False,0.8333333333333334,0.7786729663972212,0.16666666666666663,0.1,adaptive,bit_flip,offspring,feasible_start_adaptive_spacing,,,,feasible_start_adaptive_spacing,0.5,,True,auto_from_instance,0.75,0.35,"5,7,9,17,23,27,28,37,39,47,49","6,15,17,19,20,21,22,27,30,32",,,,,,"H[5,7,9,17,23,27,28,29,37,39,47,49]|V[6,15,17,19,20,21,22,25,27,30,32]",4fcb480805af1c3aff3bd464c714a0dc9bc119e4
proposed_nsga2_bs_Gyorgy-KOVACS_WH_Narrow_AW_4_seed_104,proposed_nsga2_bs,Gyorgy-KOVACS_WH_Narrow_AW_4,104,14,auto_from_instance,12,18,4,30,216,,,,,15,5,10,root > V:15 > BH:27 > BH:47 > BH:39 > BH:29 > BH:17 > BH:9 > BV:27 > BV:23 > BV:30,selected,0,inf,True,560,270,290,341.0,1.0,1.0,True,True,1,1,0,True,1,1,0,0,True,True,0,13,12,13,12,5,LS_PF,sampled_pool,,,False,0.8333333333333334,0.8215022035279225,0.16666666666666663,0.1,adaptive,break_symmetry,offspring,feasible_start_adaptive_spacing,,,,feasible_start_adaptive_spacing,0.5,,True,auto_from_instance,0.75,0.35,"5,7,10,17,23,27,28,29,37,39,47,49","2,6,8,13,15,18,19,20,22,23,27,30",,,,,,"H[5,7,9,10,17,23,27,28,29,37,39,47,49]|V[2,6,8,13,15,18,19,20,22,23,27,30]",1fa9344c00a95c630e382533991ef575b2f5e6b5
proposed_nsga2_bs_Gyorgy-KOVACS_WH_Narrow_AW_4_seed_104,proposed_nsga2_bs,Gyorgy-KOVACS_WH_Narrow_AW_4,104,14,auto_from_instance,12,18,4,30,216,,,,,16,7,8,root > V:17 > BH:27 > BH:5 > BH:15 > BH:25 > BH:37 > BH:47 > BV:27,evaluated,3,inf,False,648,237,411,490.0,1.0,1.0,True,True,1,1,0,True,1,1,0,0,True,True,0,15,13,15,13,7,PF_RP,sampled_pool,,,False,0.8333333333333334,0.795860982598037,0.16666666666666663,0.1,adaptive,insert_random_aisle,offspring,feasible_start_adaptive_spacing,,,,feasible_start_adaptive_spacing,0.5,,True,auto_from_instance,0.75,0.35,"5,7,8,9,15,17,23,27,28,29,37,39,47,49","6,13,15,17,18,19,20,22,23,27,30,32,34",,,,,,"H[5,7,8,9,15,17,23,25,27,28,29,37,39,47,49]|V[6,13,15,17,18,19,20,22,23,27,30,32,34]",3ab80a1d8e68880e815ad780c83cfc2449e7f93f
proposed_nsga2_bs_Gyorgy-KOVACS_WH_Narrow_AW_4_seed_104,proposed_nsga2_bs,Gyorgy-KOVACS_WH_Narrow_AW_4,104,14,auto_from_instance,12,18,4,30,216,,,,,17,7,8,root > V:17 > BH:27 > BH:49 > BH:39 > BH:29 > BH:17 > BH:7 > BV:27,evaluated,3,inf,False,648,237,411,490.0,1.0,1.0,True,True,1,1,0,True,1,1,0,0,True,True,0,14,13,14,13,7,PF_RP,sampled_pool,,,False,0.8333333333333334,0.795860982598037,0.16666666666666663,0.1,adaptive,insert_random_aisle,offspring,feasible_start_adaptive_spacing,,,,feasible_start_adaptive_spacing,0.5,,True,auto_from_instance,0.75,0.35,"5,7,8,9,15,17,23,27,28,29,37,39,47,49","6,13,15,17,18,19,20,22,23,27,30,32,34",,,,,,"H[5,7,8,9,15,17,23,27,28,29,37,39,47,49]|V[6,13,15,17,18,19,20,22,23,27,30,32,34]",451b31cd7494c0e29ac39737991e84853f054397
proposed_nsga2_bs_Gyorgy-KOVACS_WH_Narrow_AW_4_seed_104,proposed_nsga2_bs,Gyorgy-KOVACS_WH_Narrow_AW_4,104,14,auto_from_instance,12,18,4,30,216,,,,,18,7,8,root > V:17 > BH:27 > BH:5 > BH:15 > BH:25 > BH:37 > BH:47 > BV:25,evaluated,5,inf,False,648,237,411,544.0,1.0,1.0,True,True,1,1,0,True,1,1,0,0,True,True,0,15,14,15,14,7,PF_RP,sampled_pool,,,False,0.8333333333333334,0.795860982598037,0.16666666666666663,0.1,adaptive,insert_random_aisle,offspring,feasible_start_adaptive_spacing,,,,feasible_start_adaptive_spacing,0.5,,True,auto_from_instance,0.75,0.35,"5,7,8,9,15,17,23,27,28,29,37,39,47,49","6,13,15,17,18,19,20,22,23,27,30,32,34",,,,,,"H[5,7,8,9,15,17,23,25,27,28,29,37,39,47,49]|V[6,13,15,17,18,19,20,22,23,25,27,30,32,34]",24e93b3467ee5334276be59c5b6e878bb2e06a66
proposed_nsga2_bs_Gyorgy-KOVACS_WH_Narrow_AW_4_seed_104,proposed_nsga2_bs,Gyorgy-KOVACS_WH_Narrow_AW_4,104,14,auto_from_instance,12,18,4,30,216,,,,,19,7,8,root > V:17 > BH:27 > BH:49 > BH:39 > BH:29 > BH:17 > BH:7 > BV:25,evaluated,5,inf,False,648,237,411,544.0,1.0,1.0,True,True,1,1,0,True,1,1,0,0,True,True,0,14,14,14,14,7,PF_RP,sampled_pool,,,False,0.8333333333333334,0.795860982598037,0.16666666666666663,0.1,adaptive,insert_random_aisle,offspring,feasible_start_adaptive_spacing,,,,feasible_start_adaptive_spacing,0.5,,True,auto_from_instance,0.75,0.35,"5,7,8,9,15,17,23,27,28,29,37,39,47,49","6,13,15,17,18,19,20,22,23,27,30,32,34",,,,,,"H[5,7,8,9,15,17,23,27,28,29,37,39,47,49]|V[6,13,15,17,18,19,20,22,23,25,27,30,32,34]",19631d63ec0204b55a5a6d539d26aaf84a80581d
proposed_nsga2_bs_Gyorgy-KOVACS_WH_Narrow_AW_4_seed_104,proposed_nsga2_bs,Gyorgy-KOVACS_WH_Narrow_AW_4,104,14,auto_from_instance,12,18,4,30,216,,,,,20,9,4,root > V:28 > BH:27 > BV:21 > BV:21,evaluated,3,inf,False,680,262,418,576.0,1.0,1.0,True,True,1,1,0,True,1,1,0,0,True,True,0,14,15,14,15,9,LS,sampled_pool,,,False,0.8333333333333334,0.8438722256585758,0.16666666666666663,0.1,adaptive,bit_flip,offspring,feasible_start_adaptive_spacing,,,,feasible_start_adaptive_spacing,0.5,,True,auto_from_instance,0.75,0.35,"5,7,8,9,17,23,27,28,29,37,39,43,47,49","2,6,7,9,13,15,17,19,20,21,22,23,24,28,32",,,,,,"H[5,7,8,9,17,23,27,28,29,37,39,43,47,49]|V[2,6,7,9,13,15,17,19,20,21,22,23,24,28,32]",67a6f4f8f954f77d80a9f7aeff15d9041dc361bd
proposed_nsga2_bs_Gyorgy-KOVACS_WH_Narrow_AW_4_seed_104,proposed_nsga2_bs,Gyorgy-KOVACS_WH_Narrow_AW_4,104,14,auto_from_instance,12,18,4,30,216,,,,,21,9,4,root > V:28 > BH:27 > BV:17 > BV:21,evaluated,3,inf,False,680,262,418,576.0,1.0,1.0,True,True,1,1,0,True,1,1,0,0,True,True,0,14,15,14,15,9,LS,sampled_pool,,,False,0.8333333333333334,0.8438722256585758,0.16666666666666663,0.1,adaptive,bit_flip,offspring,feasible_start_adaptive_spacing,,,,feasible_start_adaptive_spacing,0.5,,True,auto_from_instance,0.75,0.35,"5,7,8,9,17,23,27,28,29,37,39,43,47,49","2,6,7,9,13,15,17,19,20,21,22,23,24,28,32",,,,,,"H[5,7,8,9,17,23,27,28,29,37,39,43,47,49]|V[2,6,7,9,13,15,17,19,20,21,22,23,24,28,32]",0cf129bcce89e5f8a26de7d155210a53886c00dc
proposed_nsga2_bs_Gyorgy-KOVACS_WH_Narrow_AW_4_seed_104,proposed_nsga2_bs,Gyorgy-KOVACS_WH_Narrow_AW_4,104,15,auto_from_instance,12,18,4,30,216,,,,,1,1,4,root > V:27 > BH:27 > BV:19 > BV:19,selected,1,inf,True,684,260,424,484.0,1.0,1.0,True,True,1,1,0,True,1,1,0,0,True,True,0,12,11,12,11,1,SS,sampled_pool,,,True,0.8888888888888888,0.8735662174292598,0.11111111111111116,0.1,adaptive,bit_flip,offspring,feasible_start_adaptive_spacing,,,,feasible_start_adaptive_spacing,0.5,,True,auto_from_instance,0.75,0.35,"5,7,9,17,23,27,28,29,37,39,47,49","2,6,15,17,19,20,21,22,24,27,30",,,,,,"H[5,7,9,17,23,27,28,29,37,39,47,49]|V[2,6,15,17,19,20,21,22,24,27,30]",9baad5a6d6d08df213ec54891109e23b1069a9a5
proposed_nsga2_bs_Gyorgy-KOVACS_WH_Narrow_AW_4_seed_104,proposed_nsga2_bs,Gyorgy-KOVACS_WH_Narrow_AW_4,104,15,auto_from_instance,12,18,4,30,216,,,,,2,1,4,root > V:27 > BH:27 > BV:17 > BV:19,selected,1,0.0,True,684,260,424,484.0,1.0,1.0,True,True,1,1,0,True,1,1,0,0,True,True,0,12,11,12,11,1,SS,sampled_pool,,,True,0.8888888888888888,0.8735662174292598,0.11111111111111116,0.1,adaptive,bit_flip,offspring,feasible_start_adaptive_spacing,,,,feasible_start_adaptive_spacing,0.5,,True,auto_from_instance,0.75,0.35,"5,7,9,17,23,27,28,29,37,39,47,49","2,6,15,17,19,20,21,22,24,27,30",,,,,,"H[5,7,9,17,23,27,28,29,37,39,47,49]|V[2,6,15,17,19,20,21,22,24,27,30]",7ea492661f4a7d780540a41c5bfc758906148e19
proposed_nsga2_bs_Gyorgy-KOVACS_WH_Narrow_AW_4_seed_104,proposed_nsga2_bs,Gyorgy-KOVACS_WH_Narrow_AW_4,104,15,auto_from_instance,12,18,4,30,216,,,,,3,1,4,root > V:27 > BH:27 > BV:19 > BV:17,selected,1,0.0,True,684,260,424,484.0,1.0,1.0,True,True,1,1,0,True,1,1,0,0,True,True,0,12,11,12,11,1,SS,sampled_pool,,,True,0.8888888888888888,0.8735662174292598,0.11111111111111116,0.1,adaptive,bit_flip,offspring,feasible_start_adaptive_spacing,,,,feasible_start_adaptive_spacing,0.5,,True,auto_from_instance,0.75,0.35,"5,7,9,17,23,27,28,29,37,39,47,49","2,6,15,17,19,20,21,22,24,27,30",,,,,,"H[5,7,9,17,23,27,28,29,37,39,47,49]|V[2,6,15,17,19,20,21,22,24,27,30]",59c55a28d53f47701301421f850890ad1de7d63b
proposed_nsga2_bs_Gyorgy-KOVACS_WH_Narrow_AW_4_seed_104,proposed_nsga2_bs,Gyorgy-KOVACS_WH_Narrow_AW_4,104,15,auto_from_instance,12,18,4,30,216,,,,,4,1,4,root > V:27 > BH:27 > BV:17 > BV:17,selected,1,inf,True,684,260,424,484.0,1.0,1.0,True,True,1,1,0,True,1,1,0,0,True,True,0,12,11,12,11,1,SS,sampled_pool,,,True,0.8888888888888888,0.8735662174292598,0.11111111111111116,0.1,adaptive,bit_flip,offspring,feasible_start_adaptive_spacing,,,,feasible_start_adaptive_spacing,0.5,,True,auto_from_instance,0.75,0.35,"5,7,9,17,23,27,28,29,37,39,47,49","2,6,15,17,19,20,21,22,24,27,30",,,,,,"H[5,7,9,17,23,27,28,29,37,39,47,49]|V[2,6,15,17,19,20,21,22,24,27,30]",6732d5258a9313035bead181283e041def90bbb2
proposed_nsga2_bs_Gyorgy-KOVACS_WH_Narrow_AW_4_seed_104,proposed_nsga2_bs,Gyorgy-KOVACS_WH_Narrow_AW_4,104,15,auto_from_instance,12,18,4,30,216,,,,,5,2,9,root > V:15 > BH:27 > BH:5 > BH:15 > BH:25 > BH:37 > BH:47 > BV:23 > BV:30,selected,0,inf,True,592,261,331,462.0,1.0,1.0,True,True,1,1,0,True,1,1,0,0,True,True,0,15,15,15,15,2,PF_RP,sampled_pool,,,False,0.8888888888888888,0.8958768263067599,0.11111111111111116,0.1,adaptive,bit_flip,offspring,feasible_start_adaptive_spacing,,,,feasible_start_adaptive_spacing,0.5,,True,auto_from_instance,0.75,0.35,"5,7,9,10,17,23,27,28,29,37,39,47,49","2,6,8,13,15,18,19,20,22,23,27,30,32,33,34",,,,,,"H[5,7,9,10,15,17,23,25,27,28,29,37,39,47,49]|V[2,6,8,13,15,18,19,20,22,23,27,30,32,33,34]",9ee2190bb5e677e5dd6004d3c767bf39ff3449fb
proposed_nsga2_bs_Gyorgy-KOVACS_WH_Narrow_AW_4_seed_104,proposed_nsga2_bs,Gyorgy-KOVACS_WH_Narrow_AW_4,104,15,auto_from_instance,12,18,4,30,216,,,,,6,2,9,root > V:15 > BH:27 > BH:49 > BH:39 > BH:29 > BH:17 > BH:7 > BV:23 > BV:30,selected,0,inf,True,592,261,331,462.0,1.0,1.0,True,True,1,1,0,True,1,1,0,0,True,True,0,13,15,13,15,2,PF_RP,sampled_pool,,,False,0.8888888888888888,0.8958768263067599,0.11111111111111116,0.1,adaptive,bit_flip,offspring,feasible_start_adaptive_spacing,,,,feasible_start_adaptive_spacing,0.5,,True,auto_from_instance,0.75,0.35,"5,7,9,10,17,23,27,28,29,37,39,47,49","2,6,8,13,15,18,19,20,22,23,27,30,32,33,34",,,,,,"H[5,7,9,10,17,23,27,28,29,37,39,47,49]|V[2,6,8,13,15,18,19,20,22,23,27,30,32,33,34]",eef866e48d563b788dc6683537da31dffdbde584
proposed_nsga2_bs_Gyorgy-KOVACS_WH_Narrow_AW_4_seed_104,proposed_nsga2_bs,Gyorgy-KOVACS_WH_Narrow_AW_4,104,15,auto_from_instance,12,18,4,30,216,,,,,7,4,8,root > V:15 > BH:27 > BH:49 > BH:41 > BH:29 > BH:17 > BH:9 > BV:27,selected,2,inf,True,608,261,347,539.0,1.0,1.0,True,True,1,1,0,True,1,1,0,0,True,True,0,14,13,14,13,4,PF,sampled_pool,,,False,0.8888888888888888,0.921133606060946,0.11111111111111116,0.1,adaptive,swap_segments,offspring,feasible_start_adaptive_spacing,,,,feasible_start_adaptive_spacing,0.5,,True,auto_from_instance,0.75,0.35,"5,7,9,10,17,23,27,28,29,37,39,47,49","2,6,9,13,15,17,20,23,27,29,30,31,32",,,,,,"H[5,7,9,10,17,23,27,28,29,37,39,41,47,49]|V[2,6,9,13,15,17,20,23,27,29,30,31,32]",5855b7a2ce0f7102686a835ce8b745d34e7270fe
proposed_nsga2_bs_Gyorgy-KOVACS_WH_Narrow_AW_4_seed_104,proposed_nsga2_bs,Gyorgy-KOVACS_WH_Narrow_AW_4,104,15,auto_from_instance,12,18,4,30,216,,,,,8,4,8,root > V:15 > BH:27 > BH:49 > BH:39 > BH:29 > BH:17 > BH:9 > BV:27,selected,1,inf,True,608,261,347,509.0,1.0,1.0,True,True,1,1,0,True,1,1,0,0,True,True,0,13,13,13,13,4,PF,sampled_pool,,,False,0.8888888888888888,0.921133606060946,0.11111111111111116,0.1,adaptive,swap_segments,offspring,feasible_start_adaptive_spacing,,,,feasible_start_adaptive_spacing,0.5,,True,auto_from_instance,0.75,0.35,"5,7,9,10,17,23,27,28,29,37,39,47,49","2,6,9,13,15,17,20,23,27,29,30,31,32",,,,,,"H[5,7,9,10,17,23,27,28,29,37,39,47,49]|V[2,6,9,13,15,17,20,23,27,29,30,31,32]",fc0563743447995c195c8e655d4713bfa38a660a
proposed_nsga2_bs_Gyorgy-KOVACS_WH_Narrow_AW_4_seed_104,proposed_nsga2_bs,Gyorgy-KOVACS_WH_Narrow_AW_4,104,15,auto_from_instance,12,18,4,30,216,,,,,9,4,8,root > V:15 > BH:27 > BH:49 > BH:41 > BH:29 > BH:17 > BH:9 > BV:25,evaluated,4,inf,False,608,261,347,595.0,1.0,1.0,True,True,1,1,0,True,1,1,0,0,True,True,0,14,14,14,14,4,PF,sampled_pool,,,False,0.8888888888888888,0.921133606060946,0.11111111111111116,0.1,adaptive,swap_segments,offspring,feasible_start_adaptive_spacing,,,,feasible_start_adaptive_spacing,0.5,,True,auto_from_instance,0.75,0.35,"5,7,9,10,17,23,27,28,29,37,39,47,49","2,6,9,13,15,17,20,23,27,29,30,31,32",,,,,,"H[5,7,9,10,17,23,27,28,29,37,39,41,47,49]|V[2,6,9,13,15,17,20,23,25,27,29,30,31,32]",08dfdb08ca75b8739e2c3ffebea5b42db822e898
proposed_nsga2_bs_Gyorgy-KOVACS_WH_Narrow_AW_4_seed_104,proposed_nsga2_bs,Gyorgy-KOVACS_WH_Narrow_AW_4,104,15,auto_from_instance,12,18,4,30,216,,,,,10,4,8,root > V:15 > BH:27 > BH:49 > BH:39 > BH:29 > BH:17 > BH:9 > BV:25,evaluated,3,inf,False,608,261,347,565.0,1.0,1.0,True,True,1,1,0,True,1,1,0,0,True,True,0,13,14,13,14,4,PF,sampled_pool,,,False,0.8888888888888888,0.921133606060946,0.11111111111111116,0.1,adaptive,swap_segments,offspring,feasible_start_adaptive_spacing,,,,feasible_start_adaptive_spacing,0.5,,True,auto_from_instance,0.75,0.35,"5,7,9,10,17,23,27,28,29,37,39,47,49","2,6,9,13,15,17,20,23,27,29,30,31,32",,,,,,"H[5,7,9,10,17,23,27,28,29,37,39,47,49]|V[2,6,9,13,15,17,20,23,25,27,29,30,31,32]",57debfbcb33569e7a9d11cf7896db530f119ad92
proposed_nsga2_bs_Gyorgy-KOVACS_WH_Narrow_AW_4_seed_104,proposed_nsga2_bs,Gyorgy-KOVACS_WH_Narrow_AW_4,104,15,auto_from_instance,12,18,4,30,216,,,,,11,10,4,root > V:28 > BH:27 > BV:19 > BV:19,selected,0,inf,True,680,262,418,472.0,1.0,1.0,True,True,1,1,0,True,1,1,0,0,True,True,0,15,17,15,17,10,PF_SS,sampled_pool,,,True,0.8888888888888888,0.941538790039822,0.11111111111111116,0.1,adaptive,break_symmetry,offspring,feasible_start_adaptive_spacing,,,,feasible_start_adaptive_spacing,0.5,,True,auto_from_instance,0.75,0.35,"7,8,9,16,17,23,27,28,29,38,39,43,47,49,50","1,6,8,13,15,17,19,20,21,22,23,24,27,28,32,33,34",,,,,,"H[7,8,9,16,17,23,27,28,29,38,39,43,47,49,50]|V[1,6,8,13,15,17,19,20,21,22,23,24,27,28,32,33,34]",fc4825140fa5e2560776b4b932f5ef46c1588f36
proposed_nsga2_bs_Gyorgy-KOVACS_WH_Narrow_AW_4_seed_104,proposed_nsga2_bs,Gyorgy-KOVACS_WH_Narrow_AW_4,104,15,auto_from_instance,12,18,4,30,216,,,,,12,10,4,root > V:28 > BH:27 > BV:19 > BV:21,selected,1,inf,True,680,262,418,524.0,1.0,1.0,True,True,1,1,0,True,1,1,0,0,True,True,0,15,17,15,17,10,PF_SS,sampled_pool,,,True,0.8888888888888888,0.941538790039822,0.11111111111111116,0.1,adaptive,break_symmetry,offspring,feasible_start_adaptive_spacing,,,,feasible_start_adaptive_spacing,0.5,,True,auto_from_instance,0.75,0.35,"7,8,9,16,17,23,27,28,29,38,39,43,47,49,50","1,6,8,13,15,17,19,20,21,22,23,24,27,28,32,33,34",,,,,,"H[7,8,9,16,17,23,27,28,29,38,39,43,47,49,50]|V[1,6,8,13,15,17,19,20,21,22,23,24,27,28,32,33,34]",334779b46d5c288ee3031362a71af20db7b63dd5
proposed_nsga2_bs_Gyorgy-KOVACS_WH_Narrow_AW_4_seed_104,proposed_nsga2_bs,Gyorgy-KOVACS_WH_Narrow_AW_4,104,15,auto_from_instance,12,18,4,30,216,,,,,13,10,4,root > V:28 > BH:27 > BV:19 > BV:21,selected,1,0.0,True,680,262,418,524.0,1.0,1.0,True,True,1,1,0,True,1,1,0,0,True,True,0,15,17,15,17,10,PF_SS,sampled_pool,,,True,0.8888888888888888,0.941538790039822,0.11111111111111116,0.1,adaptive,break_symmetry,offspring,feasible_start_adaptive_spacing,,,,feasible_start_adaptive_spacing,0.5,,True,auto_from_instance,0.75,0.35,"7,8,9,16,17,23,27,28,29,38,39,43,47,49,50","1,6,8,13,15,17,19,20,21,22,23,24,27,28,32,33,34",,,,,,"H[7,8,9,16,17,23,27,28,29,38,39,43,47,49,50]|V[1,6,8,13,15,17,19,20,21,22,23,24,27,28,32,33,34]",8f2926ac3d427dac9f2e22e7dbb4782d03fe71f9
proposed_nsga2_bs_Gyorgy-KOVACS_WH_Narrow_AW_4_seed_104,proposed_nsga2_bs,Gyorgy-KOVACS_WH_Narrow_AW_4,104,15,auto_from_instance,12,18,4,30,216,,,,,14,10,4,root > V:28 > BH:27 > BV:19 > BV:17,selected,1,inf,True,680,262,418,524.0,1.0,1.0,True,True,1,1,0,True,1,1,0,0,True,True,0,15,17,15,17,10,PF_SS,sampled_pool,,,True,0.8888888888888888,0.941538790039822,0.11111111111111116,0.1,adaptive,break_symmetry,offspring,feasible_start_adaptive_spacing,,,,feasible_start_adaptive_spacing,0.5,,True,auto_from_instance,0.75,0.35,"7,8,9,16,17,23,27,28,29,38,39,43,47,49,50","1,6,8,13,15,17,19,20,21,22,23,24,27,28,32,33,34",,,,,,"H[7,8,9,16,17,23,27,28,29,38,39,43,47,49,50]|V[1,6,8,13,15,17,19,20,21,22,23,24,27,28,32,33,34]",c3a8d798cccc0ae6137f5d1801f12286f82d75a7
proposed_nsga2_bs_Gyorgy-KOVACS_WH_Narrow_AW_4_seed_104,proposed_nsga2_bs,Gyorgy-KOVACS_WH_Narrow_AW_4,104,16,auto_from_instance,12,18,4,30,216,,,,,1,1,4,root > V:27 > BH:27 > BV:19 > BV:19,selected,2,inf,True,684,260,424,484.0,1.0,1.0,True,True,1,1,0,True,1,1,0,0,True,True,0,14,15,14,15,1,SS_LS_PF,sampled_pool,,,True,0.9444444444444444,0.9355360621339313,0.1,0.1,adaptive,spacing_aware_flip,offspring,feasible_start_adaptive_spacing,,,,feasible_start_adaptive_spacing,0.5,,True,auto_from_instance,0.75,0.35,"5,7,8,9,16,17,23,27,28,29,37,39,47,49","2,6,8,13,15,17,19,20,21,22,23,24,27,30,34",,,,,,"H[5,7,8,9,16,17,23,27,28,29,37,39,47,49]|V[2,6,8,13,15,17,19,20,21,22,23,24,27,30,34]",9baad5a6d6d08df213ec54891109e23b1069a9a5
proposed_nsga2_bs_Gyorgy-KOVACS_WH_Narrow_AW_4_seed_104,proposed_nsga2_bs,Gyorgy-KOVACS_WH_Narrow_AW_4,104,16,auto_from_instance,12,18,4,30,216,,,,,2,1,4,root > V:27 > BH:27 > BV:17 > BV:19,evaluated,2,0.0,False,684,260,424,484.0,1.0,1.0,True,True,1,1,0,True,1,1,0,0,True,True,0,14,15,14,15,1,SS_LS_PF,sampled_pool,,,True,0.9444444444444444,0.9355360621339313,0.1,0.1,adaptive,spacing_aware_flip,offspring,feasible_start_adaptive_spacing,,,,feasible_start_adaptive_spacing,0.5,,True,auto_from_instance,0.75,0.35,"5,7,8,9,16,17,23,27,28,29,37,39,47,49","2,6,8,13,15,17,19,20,21,22,23,24,27,30,34",,,,,,"H[5,7,8,9,16,17,23,27,28,29,37,39,47,49]|V[2,6,8,13,15,17,19,20,21,22,23,24,27,30,34]",7ea492661f4a7d780540a41c5bfc758906148e19
proposed_nsga2_bs_Gyorgy-KOVACS_WH_Narrow_AW_4_seed_104,proposed_nsga2_bs,Gyorgy-KOVACS_WH_Narrow_AW_4,104,16,auto_from_instance,12,18,4,30,216,,,,,3,1,4,root > V:27 > BH:27 > BV:19 > BV:17,evaluated,2,0.0,False,684,260,424,484.0,1.0,1.0,True,True,1,1,0,True,1,1,0,0,True,True,0,14,15,14,15,1,SS_LS_PF,sampled_pool,,,True,0.9444444444444444,0.9355360621339313,0.1,0.1,adaptive,spacing_aware_flip,offspring,feasible_start_adaptive_spacing,,,,feasible_start_adaptive_spacing,0.5,,True,auto_from_instance,0.75,0.35,"5,7,8,9,16,17,23,27,28,29,37,39,47,49","2,6,8,13,15,17,19,20,21,22,23,24,27,30,34",,,,,,"H[5,7,8,9,16,17,23,27,28,29,37,39,47,49]|V[2,6,8,13,15,17,19,20,21,22,23,24,27,30,34]",59c55a28d53f47701301421f850890ad1de7d63b
proposed_nsga2_bs_Gyorgy-KOVACS_WH_Narrow_AW_4_seed_104,proposed_nsga2_bs,Gyorgy-KOVACS_WH_Narrow_AW_4,104,16,auto_from_instance,12,18,4,30,216,,,,,4,1,4,root > V:27 > BH:27 > BV:17 > BV:17,selected,2,inf,True,684,260,424,484.0,1.0,1.0,True,True,1,1,0,True,1,1,0,0,True,True,0,14,15,14,15,1,SS_LS_PF,sampled_pool,,,True,0.9444444444444444,0.9355360621339313,0.1,0.1,adaptive,spacing_aware_flip,offspring,feasible_start_adaptive_spacing,,,,feasible_start_adaptive_spacing,0.5,,True,auto_from_instance,0.75,0.35,"5,7,8,9,16,17,23,27,28,29,37,39,47,49","2,6,8,13,15,17,19,20,21,22,23,24,27,30,34",,,,,,"H[5,7,8,9,16,17,23,27,28,29,37,39,47,49]|V[2,6,8,13,15,17,19,20,21,22,23,24,27,30,34]",6732d5258a9313035bead181283e041def90bbb2
proposed_nsga2_bs_Gyorgy-KOVACS_WH_Narrow_AW_4_seed_104,proposed_nsga2_bs,Gyorgy-KOVACS_WH_Narrow_AW_4,104,16,auto_from_instance,12,18,4,30,216,,,,,5,2,4,root > V:28 > BH:27 > BV:21 > BV:21,evaluated,3,inf,False,680,262,418,576.0,1.0,1.0,True,True,1,1,0,True,1,1,0,0,True,True,0,13,14,13,14,2,PF_LS,sampled_pool,,,False,0.9444444444444444,0.9633282317204405,0.1,0.1,adaptive,break_symmetry,offspring,feasible_start_adaptive_spacing,,,,feasible_start_adaptive_spacing,0.5,,True,auto_from_instance,0.75,0.35,"7,9,17,23,27,28,29,37,39,43,47,49,50","1,6,15,17,19,20,21,22,24,27,28,32,33,34",,,,,,"H[7,9,17,23,27,28,29,37,39,43,47,49,50]|V[1,6,15,17,19,20,21,22,24,27,28,32,33,34]",67a6f4f8f954f77d80a9f7aeff15d9041dc361bd
proposed_nsga2_bs_Gyorgy-KOVACS_WH_Narrow_AW_4_seed_104,proposed_nsga2_bs,Gyorgy-KOVACS_WH_Narrow_AW_4,104,16,auto_from_instance,12,18,4,30,216,,,,,6,2,4,root > V:28 > BH:27 > BV:19 > BV:21,selected,2,inf,True,680,262,418,524.0,1.0,1.0,True,True,1,1,0,True,1,1,0,0,True,True,0,13,14,13,14,2,PF_LS,sampled_pool,,,False,0.9444444444444444,0.9633282317204405,0.1,0.1,adaptive,break_symmetry,offspring,feasible_start_adaptive_spacing,,,,feasible_start_adaptive_spacing,0.5,,True,auto_from_instance,0.75,0.35,"7,9,17,23,27,28,29,37,39,43,47,49,50","1,6,15,17,19,20,21,22,24,27,28,32,33,34",,,,,,"H[7,9,17,23,27,28,29,37,39,43,47,49,50]|V[1,6,15,17,19,20,21,22,24,27,28,32,33,34]",334779b46d5c288ee3031362a71af20db7b63dd5
proposed_nsga2_bs_Gyorgy-KOVACS_WH_Narrow_AW_4_seed_104,proposed_nsga2_bs,Gyorgy-KOVACS_WH_Narrow_AW_4,104,16,auto_from_instance,12,18,4,30,216,,,,,7,2,4,root > V:28 > BH:27 > BV:17 > BV:21,evaluated,3,inf,False,680,262,418,576.0,1.0,1.0,True,True,1,1,0,True,1,1,0,0,True,True,0,13,14,13,14,2,PF_LS,sampled_pool,,,False,0.9444444444444444,0.9633282317204405,0.1,0.1,adaptive,break_symmetry,offspring,feasible_start_adaptive_spacing,,,,feasible_start_adaptive_spacing,0.5,,True,auto_from_instance,0.75,0.35,"7,9,17,23,27,28,29,37,39,43,47,49,50","1,6,15,17,19,20,21,22,24,27,28,32,33,34",,,,,,"H[7,9,17,23,27,28,29,37,39,43,47,49,50]|V[1,6,15,17,19,20,21,22,24,27,28,32,33,34]",0cf129bcce89e5f8a26de7d155210a53886c00dc
proposed_nsga2_bs_Gyorgy-KOVACS_WH_Narrow_AW_4_seed_104,proposed_nsga2_bs,Gyorgy-KOVACS_WH_Narrow_AW_4,104,16,auto_from_instance,12,18,4,30,216,,,,,8,2,4,root > V:28 > BH:27 > BV:21 > BV:19,selected,2,0.0,True,680,262,418,524.0,1.0,1.0,True,True,1,1,0,True,1,1,0,0,True,True,0,13,14,13,14,2,PF_LS,sampled_pool,,,False,0.9444444444444444,0.9633282317204405,0.1,0.1,adaptive,break_symmetry,offspring,feasible_start_adaptive_spacing,,,,feasible_start_adaptive_spacing,0.5,,True,auto_from_instance,0.75,0.35,"7,9,17,23,27,28,29,37,39,43,47,49,50","1,6,15,17,19,20,21,22,24,27,28,32,33,34",,,,,,"H[7,9,17,23,27,28,29,37,39,43,47,49,50]|V[1,6,15,17,19,20,21,22,24,27,28,32,33,34]",8f2926ac3d427dac9f2e22e7dbb4782d03fe71f9
proposed_nsga2_bs_Gyorgy-KOVACS_WH_Narrow_AW_4_seed_104,proposed_nsga2_bs,Gyorgy-KOVACS_WH_Narrow_AW_4,104,16,auto_from_instance,12,18,4,30,216,,,,,9,3,8,root > V:17 > BH:27 > BH:5 > BH:15 > BH:25 > BH:37 > BH:47 > BV:27,selected,2,1.9011688311688313,True,648,237,411,490.0,1.0,1.0,True,True,1,1,0,True,1,1,0,0,True,True,0,16,16,16,16,3,PF_SS,sampled_pool,,,True,0.9444444444444444,0.9676126791198206,0.1,0.1,adaptive,break_symmetry,offspring,feasible_start_adaptive_spacing,,,,feasible_start_adaptive_spacing,0.5,,True,auto_from_instance,0.75,0.35,"7,8,9,16,17,23,25,27,28,29,37,39,47,49","1,6,8,13,16,17,19,20,21,22,23,24,27,32,33,34",,,,,,"H[5,7,8,9,15,16,17,23,25,27,28,29,37,39,47,49]|V[1,6,8,13,16,17,19,20,21,22,23,24,27,32,33,34]",3ab80a1d8e68880e815ad780c83cfc2449e7f93f
proposed_nsga2_bs_Gyorgy-KOVACS_WH_Narrow_AW_4_seed_104,proposed_nsga2_bs,Gyorgy-KOVACS_WH_Narrow_AW_4,104,16,auto_from_instance,12,18,4,30,216,,,,,10,3,8,root > V:17 > BH:27 > BH:49 > BH:39 > BH:29 > BH:17 > BH:7 > BV:27,selected,2,inf,True,648,237,411,490.0,1.0,1.0,True,True,1,1,0,True,1,1,0,0,True,True,0,14,16,14,16,3,PF_SS,sampled_pool,,,True,0.9444444444444444,0.9676126791198206,0.1,0.1,adaptive,break_symmetry,offspring,feasible_start_adaptive_spacing,,,,feasible_start_adaptive_spacing,0.5,,True,auto_from_instance,0.75,0.35,"7,8,9,16,17,23,25,27,28,29,37,39,47,49","1,6,8,13,16,17,19,20,21,22,23,24,27,32,33,34",,,,,,"H[7,8,9,16,17,23,25,27,28,29,37,39,47,49]|V[1,6,8,13,16,17,19,20,21,22,23,24,27,32,33,34]",451b31cd7494c0e29ac39737991e84853f054397
proposed_nsga2_bs_Gyorgy-KOVACS_WH_Narrow_AW_4_seed_104,proposed_nsga2_bs,Gyorgy-KOVACS_WH_Narrow_AW_4,104,16,auto_from_instance,12,18,4,30,216,,,,,11,3,8,root > V:17 > BH:27 > BH:5 > BH:15 > BH:25 > BH:37 > BH:47 > BV:25,evaluated,4,inf,False,648,237,411,544.0,1.0,1.0,True,True,1,1,0,True,1,1,0,0,True,True,0,16,17,16,17,3,PF_SS,sampled_pool,,,True,0.9444444444444444,0.9676126791198206,0.1,0.1,adaptive,break_symmetry,offspring,feasible_start_adaptive_spacing,,,,feasible_start_adaptive_spacing,0.5,,True,auto_from_instance,0.75,0.35,"7,8,9,16,17,23,25,27,28,29,37,39,47,49","1,6,8,13,16,17,19,20,21,22,23,24,27,32,33,34",,,,,,"H[5,7,8,9,15,16,17,23,25,27,28,29,37,39,47,49]|V[1,6,8,13,16,17,19,20,21,22,23,24,25,27,32,33,34]",24e93b3467ee5334276be59c5b6e878bb2e06a66
proposed_nsga2_bs_Gyorgy-KOVACS_WH_Narrow_AW_4_seed_104,proposed_nsga2_bs,Gyorgy-KOVACS_WH_Narrow_AW_4,104,16,auto_from_instance,12,18,4,30,216,,,,,12,3,8,root > V:17 > BH:27 > BH:49 > BH:39 > BH:29 > BH:17 > BH:7 > BV:25,evaluated,4,inf,False,648,237,411,544.0,1.0,1.0,True,True,1,1,0,True,1,1,0,0,True,True,0,14,17,14,17,3,PF_SS,sampled_pool,,,True,0.9444444444444444,0.9676126791198206,0.1,0.1,adaptive,break_symmetry,offspring,feasible_start_adaptive_spacing,,,,feasible_start_adaptive_spacing,0.5,,True,auto_from_instance,0.75,0.35,"7,8,9,16,17,23,25,27,28,29,37,39,47,49","1,6,8,13,16,17,19,20,21,22,23,24,27,32,33,34",,,,,,"H[7,8,9,16,17,23,25,27,28,29,37,39,47,49]|V[1,6,8,13,16,17,19,20,21,22,23,24,25,27,32,33,34]",19631d63ec0204b55a5a6d539d26aaf84a80581d
proposed_nsga2_bs_Gyorgy-KOVACS_WH_Narrow_AW_4_seed_104,proposed_nsga2_bs,Gyorgy-KOVACS_WH_Narrow_AW_4,104,16,auto_from_instance,12,18,4,30,216,,,,,13,6,8,root > V:15 > BH:27 > BH:49 > BH:41 > BH:29 > BH:17 > BH:9 > BV:27,evaluated,3,inf,False,608,261,347,539.0,1.0,1.0,True,True,1,1,0,True,1,1,0,0,True,True,0,16,15,16,15,6,PF,sampled_pool,,,False,0.9444444444444444,0.9583665004503924,0.1,0.1,adaptive,break_symmetry,offspring,feasible_start_adaptive_spacing,,,,feasible_start_adaptive_spacing,0.5,,True,auto_from_instance,0.75,0.35,"5,7,9,10,15,17,23,25,27,28,29,38,39,47,49","2,6,8,13,15,17,19,21,22,23,27,30,32,33,34",,,,,,"H[5,7,9,10,15,17,23,25,27,28,29,38,39,41,47,49]|V[2,6,8,13,15,17,19,21,22,23,27,30,32,33,34]",5855b7a2ce0f7102686a835ce8b745d34e7270fe
proposed_nsga2_bs_Gyorgy-KOVACS_WH_Narrow_AW_4_seed_104,proposed_nsga2_bs,Gyorgy-KOVACS_WH_Narrow_AW_4,104,16,auto_from_instance,12,18,4,30,216,,,,,14,6,8,root > V:15 > BH:27 > BH:49 > BH:39 > BH:29 > BH:17 > BH:9 > BV:27,selected,2,inf,True,608,261,347,509.0,1.0,1.0,True,True,1,1,0,True,1,1,0,0,True,True,0,15,15,15,15,6,PF,sampled_pool,,,False,0.9444444444444444,0.9583665004503924,0.1,0.1,adaptive,break_symmetry,offspring,feasible_start_adaptive_spacing,,,,feasible_start_adaptive_spacing,0.5,,True,auto_from_instance,0.75,0.35,"5,7,9,10,15,17,23,25,27,28,29,38,39,47,49","2,6,8,13,15,17,19,21,22,23,27,30,32,33,34",,,,,,"H[5,7,9,10,15,17,23,25,27,28,29,38,39,47,49]|V[2,6,8,13,15,17,19,21,22,23,27,30,32,33,34]",fc0563743447995c195c8e655d4713bfa38a660a
proposed_nsga2_bs_Gyorgy-KOVACS_WH_Narrow_AW_4_seed_104,proposed_nsga2_bs,Gyorgy-KOVACS_WH_Narrow_AW_4,104,16,auto_from_instance,12,18,4,30,216,,,,,15,6,8,root > V:15 > BH:27 > BH:49 > BH:41 > BH:29 > BH:17 > BH:9 > BV:25,evaluated,5,inf,False,608,261,347,595.0,1.0,1.0,True,True,1,1,0,True,1,1,0,0,True,True,0,16,16,16,16,6,PF,sampled_pool,,,False,0.9444444444444444,0.9583665004503924,0.1,0.1,adaptive,break_symmetry,offspring,feasible_start_adaptive_spacing,,,,feasible_start_adaptive_spacing,0.5,,True,auto_from_instance,0.75,0.35,"5,7,9,10,15,17,23,25,27,28,29,38,39,47,49","2,6,8,13,15,17,19,21,22,23,27,30,32,33,34",,,,,,"H[5,7,9,10,15,17,23,25,27,28,29,38,39,41,47,49]|V[2,6,8,13,15,17,19,21,22,23,25,27,30,32,33,34]",08dfdb08ca75b8739e2c3ffebea5b42db822e898
proposed_nsga2_bs_Gyorgy-KOVACS_WH_Narrow_AW_4_seed_104,proposed_nsga2_bs,Gyorgy-KOVACS_WH_Narrow_AW_4,104,16,auto_from_instance,12,18,4,30,216,,,,,16,6,8,root > V:15 > BH:27 > BH:49 > BH:39 > BH:29 > BH:17 > BH:9 > BV:25,evaluated,4,inf,False,608,261,347,565.0,1.0,1.0,True,True,1,1,0,True,1,1,0,0,True,True,0,15,16,15,16,6,PF,sampled_pool,,,False,0.9444444444444444,0.9583665004503924,0.1,0.1,adaptive,break_symmetry,offspring,feasible_start_adaptive_spacing,,,,feasible_start_adaptive_spacing,0.5,,True,auto_from_instance,0.75,0.35,"5,7,9,10,15,17,23,25,27,28,29,38,39,47,49","2,6,8,13,15,17,19,21,22,23,27,30,32,33,34",,,,,,"H[5,7,9,10,15,17,23,25,27,28,29,38,39,47,49]|V[2,6,8,13,15,17,19,21,22,23,25,27,30,32,33,34]",57debfbcb33569e7a9d11cf7896db530f119ad92
proposed_nsga2_bs_Gyorgy-KOVACS_WH_Narrow_AW_4_seed_104,proposed_nsga2_bs,Gyorgy-KOVACS_WH_Narrow_AW_4,104,16,auto_from_instance,12,18,4,30,216,,,,,17,7,4,root > V:28 > BH:27 > BV:19 > BV:19,selected,1,inf,True,680,262,418,472.0,1.0,1.0,True,True,1,1,0,True,1,1,0,0,True,True,0,15,15,15,15,7,PF_LS_RP,sampled_pool,,,False,0.9444444444444444,0.9603191863290548,0.1,0.1,adaptive,break_symmetry,offspring,feasible_start_adaptive_spacing,,,,feasible_start_adaptive_spacing,0.5,,True,auto_from_instance,0.75,0.35,"7,8,9,16,17,22,27,28,29,38,39,43,47,49,50","1,6,15,17,19,20,21,22,23,24,27,28,32,33,34",,,,,,"H[7,8,9,16,17,22,27,28,29,38,39,43,47,49,50]|V[1,6,15,17,19,20,21,22,23,24,27,28,32,33,34]",fc4825140fa5e2560776b4b932f5ef46c1588f36
proposed_nsga2_bs_Gyorgy-KOVACS_WH_Narrow_AW_4_seed_104,proposed_nsga2_bs,Gyorgy-KOVACS_WH_Narrow_AW_4,104,16,auto_from_instance,12,18,4,30,216,,,,,18,7,4,root > V:28 > BH:27 > BV:19 > BV:17,selected,2,inf,True,680,262,418,524.0,1.0,1.0,True,True,1,1,0,True,1,1,0,0,True,True,0,15,15,15,15,7,PF_LS_RP,sampled_pool,,,False,0.9444444444444444,0.9603191863290548,0.1,0.1,adaptive,break_symmetry,offspring,feasible_start_adaptive_spacing,,,,feasible_start_adaptive_spacing,0.5,,True,auto_from_instance,0.75,0.35,"7,8,9,16,17,22,27,28,29,38,39,43,47,49,50","1,6,15,17,19,20,21,22,23,24,27,28,32,33,34",,,,,,"H[7,8,9,16,17,22,27,28,29,38,39,43,47,49,50]|V[1,6,15,17,19,20,21,22,23,24,27,28,32,33,34]",c3a8d798cccc0ae6137f5d1801f12286f82d75a7
proposed_nsga2_bs_Gyorgy-KOVACS_WH_Narrow_AW_4_seed_104,proposed_nsga2_bs,Gyorgy-KOVACS_WH_Narrow_AW_4,104,16,auto_from_instance,12,18,4,30,216,,,,,19,9,10,root > V:15 > BH:27 > BH:47 > BH:39 > BH:29 > BH:17 > BH:9 > BV:27 > BV:23 > BV:30,selected,0,inf,True,560,270,290,341.0,1.0,1.0,True,True,1,1,0,True,1,1,0,0,True,True,0,14,15,14,15,9,LS,sampled_pool,,,False,0.9444444444444444,0.8880048951043306,0.1,0.1,adaptive,spacing_aware_flip,offspring,feasible_start_adaptive_spacing,,,,feasible_start_adaptive_spacing,0.5,,True,auto_from_instance,0.75,0.35,"5,7,9,10,17,23,27,28,29,33,37,39,47,49","2,6,8,13,15,18,19,20,22,23,27,30,32,33,34",,,,,,"H[5,7,9,10,17,23,27,28,29,33,37,39,47,49]|V[2,6,8,13,15,18,19,20,22,23,27,30,32,33,34]",1fa9344c00a95c630e382533991ef575b2f5e6b5
proposed_nsga2_bs_Gyorgy-KOVACS_WH_Narrow_AW_4_seed_104,proposed_nsga2_bs,Gyorgy-KOVACS_WH_Narrow_AW_4,104,16,auto_from_instance,12,18,4,30,216,,,,,20,10,9,root > V:15 > BH:27 > BH:5 > BH:15 > BH:25 > BH:37 > BH:47 > BV:23 > BV:30,selected,1,inf,True,592,261,331,462.0,1.0,1.0,True,True,1,1,0,True,1,1,0,0,True,True,0,15,14,15,14,10,PF_RP,sampled_pool,,,False,0.9444444444444444,1.0,0.1,0.1,adaptive,remove_random_aisle,offspring,feasible_start_adaptive_spacing,,,,feasible_start_adaptive_spacing,0.5,,True,auto_from_instance,0.75,0.35,"5,7,9,10,15,17,23,25,27,28,29,37,39,47,49","2,6,13,15,18,19,20,22,23,27,30,32,33,34",,,,,,"H[5,7,9,10,15,17,23,25,27,28,29,37,39,47,49]|V[2,6,13,15,18,19,20,22,23,27,30,32,33,34]",9ee2190bb5e677e5dd6004d3c767bf39ff3449fb
proposed_nsga2_bs_Gyorgy-KOVACS_WH_Narrow_AW_4_seed_104,proposed_nsga2_bs,Gyorgy-KOVACS_WH_Narrow_AW_4,104,16,auto_from_instance,12,18,4,30,216,,,,,21,10,9,root > V:15 > BH:27 > BH:49 > BH:39 > BH:29 > BH:17 > BH:7 > BV:23 > BV:30,selected,1,inf,True,592,261,331,462.0,1.0,1.0,True,True,1,1,0,True,1,1,0,0,True,True,0,15,14,15,14,10,PF_RP,sampled_pool,,,False,0.9444444444444444,1.0,0.1,0.1,adaptive,remove_random_aisle,offspring,feasible_start_adaptive_spacing,,,,feasible_start_adaptive_spacing,0.5,,True,auto_from_instance,0.75,0.35,"5,7,9,10,15,17,23,25,27,28,29,37,39,47,49","2,6,13,15,18,19,20,22,23,27,30,32,33,34",,,,,,"H[5,7,9,10,15,17,23,25,27,28,29,37,39,47,49]|V[2,6,13,15,18,19,20,22,23,27,30,32,33,34]",eef866e48d563b788dc6683537da31dffdbde584
proposed_nsga2_bs_Gyorgy-KOVACS_WH_Narrow_AW_4_seed_104,proposed_nsga2_bs,Gyorgy-KOVACS_WH_Narrow_AW_4,104,17,auto_from_instance,12,18,4,30,216,,,,,1,1,8,root > V:17 > BH:27 > BH:5 > BH:15 > BH:25 > BH:37 > BH:47 > BV:27,selected,2,inf,True,648,237,411,490.0,1.0,1.0,True,True,1,1,0,True,1,1,0,0,True,True,0,16,13,16,13,1,LS_RP,sampled_pool,,,False,1.0,0.9485455777822797,0.1,0.1,adaptive,remove_random_aisle,offspring,feasible_start_adaptive_spacing,,,,feasible_start_adaptive_spacing,0.5,,True,auto_from_instance,0.75,0.35,"7,9,17,23,27,28,29,37,39,43,47,49,50","1,6,15,17,19,20,21,22,24,27,32,33,34",,,,,,"H[5,7,9,15,17,23,25,27,28,29,37,39,43,47,49,50]|V[1,6,15,17,19,20,21,22,24,27,32,33,34]",3ab80a1d8e68880e815ad780c83cfc2449e7f93f
proposed_nsga2_bs_Gyorgy-KOVACS_WH_Narrow_AW_4_seed_104,proposed_nsga2_bs,Gyorgy-KOVACS_WH_Narrow_AW_4,104,17,auto_from_instance,12,18,4,30,216,,,,,2,1,8,root > V:17 > BH:27 > BH:49 > BH:39 > BH:29 > BH:17 > BH:7 > BV:27,selected,2,inf,True,648,237,411,490.0,1.0,1.0,True,True,1,1,0,True,1,1,0,0,True,True,0,13,13,13,13,1,LS_RP,sampled_pool,,,False,1.0,0.9485455777822797,0.1,0.1,adaptive,remove_random_aisle,offspring,feasible_start_adaptive_spacing,,,,feasible_start_adaptive_spacing,0.5,,True,auto_from_instance,0.75,0.35,"7,9,17,23,27,28,29,37,39,43,47,49,50","1,6,15,17,19,20,21,22,24,27,32,33,34",,,,,,"H[7,9,17,23,27,28,29,37,39,43,47,49,50]|V[1,6,15,17,19,20,21,22,24,27,32,33,34]",451b31cd7494c0e29ac39737991e84853f054397
proposed_nsga2_bs_Gyorgy-KOVACS_WH_Narrow_AW_4_seed_104,proposed_nsga2_bs,Gyorgy-KOVACS_WH_Narrow_AW_4,104,17,auto_from_instance,12,18,4,30,216,,,,,3,1,8,root > V:17 > BH:27 > BH:5 > BH:15 > BH:25 > BH:37 > BH:47 > BV:25,evaluated,3,inf,False,648,237,411,544.0,1.0,1.0,True,True,1,1,0,True,1,1,0,0,True,True,0,16,14,16,14,1,LS_RP,sampled_pool,,,False,1.0,0.9485455777822797,0.1,0.1,adaptive,remove_random_aisle,offspring,feasible_start_adaptive_spacing,,,,feasible_start_adaptive_spacing,0.5,,True,auto_from_instance,0.75,0.35,"7,9,17,23,27,28,29,37,39,43,47,49,50","1,6,15,17,19,20,21,22,24,27,32,33,34",,,,,,"H[5,7,9,15,17,23,25,27,28,29,37,39,43,47,49,50]|V[1,6,15,17,19,20,21,22,24,25,27,32,33,34]",24e93b3467ee5334276be59c5b6e878bb2e06a66
proposed_nsga2_bs_Gyorgy-KOVACS_WH_Narrow_AW_4_seed_104,proposed_nsga2_bs,Gyorgy-KOVACS_WH_Narrow_AW_4,104,17,auto_from_instance,12,18,4,30,216,,,,,4,1,8,root > V:17 > BH:27 > BH:49 > BH:39 > BH:29 > BH:17 > BH:7 > BV:25,evaluated,3,inf,False,648,237,411,544.0,1.0,1.0,True,True,1,1,0,True,1,1,0,0,True,True,0,13,14,13,14,1,LS_RP,sampled_pool,,,False,1.0,0.9485455777822797,0.1,0.1,adaptive,remove_random_aisle,offspring,feasible_start_adaptive_spacing,,,,feasible_start_adaptive_spacing,0.5,,True,auto_from_instance,0.75,0.35,"7,9,17,23,27,28,29,37,39,43,47,49,50","1,6,15,17,19,20,21,22,24,27,32,33,34",,,,,,"H[7,9,17,23,27,28,29,37,39,43,47,49,50]|V[1,6,15,17,19,20,21,22,24,25,27,32,33,34]",19631d63ec0204b55a5a6d539d26aaf84a80581d
proposed_nsga2_bs_Gyorgy-KOVACS_WH_Narrow_AW_4_seed_104,proposed_nsga2_bs,Gyorgy-KOVACS_WH_Narrow_AW_4,104,17,auto_from_instance,12,18,4,30,216,,,,,5,2,4,root > V:27 > BH:27 > BV:19 > BV:19,selected,2,inf,True,684,260,424,484.0,1.0,1.0,True,True,1,1,0,True,1,1,0,0,True,True,0,15,15,15,15,2,SS_LS_PF,sampled_pool,,,True,1.0,0.9705562049703803,0.1,0.1,adaptive,break_symmetry,offspring,feasible_start_adaptive_spacing,,,,feasible_start_adaptive_spacing,0.5,,True,auto_from_instance,0.75,0.35,"7,8,9,16,17,22,27,28,29,38,39,43,47,49,50","0,6,15,17,19,20,21,22,23,24,27,28,32,33,34",,,,,,"H[7,8,9,16,17,22,27,28,29,38,39,43,47,49,50]|V[0,6,15,17,19,20,21,22,23,24,27,28,32,33,34]",9baad5a6d6d08df213ec54891109e23b1069a9a5
proposed_nsga2_bs_Gyorgy-KOVACS_WH_Narrow_AW_4_seed_104,proposed_nsga2_bs,Gyorgy-KOVACS_WH_Narrow_AW_4,104,17,auto_from_instance,12,18,4,30,216,,,,,6,2,4,root > V:27 > BH:27 > BV:17 > BV:19,selected,2,0.0,True,684,260,424,484.0,1.0,1.0,True,True,1,1,0,True,1,1,0,0,True,True,0,15,15,15,15,2,SS_LS_PF,sampled_pool,,,True,1.0,0.9705562049703803,0.1,0.1,adaptive,break_symmetry,offspring,feasible_start_adaptive_spacing,,,,feasible_start_adaptive_spacing,0.5,,True,auto_from_instance,0.75,0.35,"7,8,9,16,17,22,27,28,29,38,39,43,47,49,50","0,6,15,17,19,20,21,22,23,24,27,28,32,33,34",,,,,,"H[7,8,9,16,17,22,27,28,29,38,39,43,47,49,50]|V[0,6,15,17,19,20,21,22,23,24,27,28,32,33,34]",7ea492661f4a7d780540a41c5bfc758906148e19
proposed_nsga2_bs_Gyorgy-KOVACS_WH_Narrow_AW_4_seed_104,proposed_nsga2_bs,Gyorgy-KOVACS_WH_Narrow_AW_4,104,17,auto_from_instance,12,18,4,30,216,,,,,7,2,4,root > V:27 > BH:27 > BV:19 > BV:17,evaluated,2,0.0,False,684,260,424,484.0,1.0,1.0,True,True,1,1,0,True,1,1,0,0,True,True,0,15,15,15,15,2,SS_LS_PF,sampled_pool,,,True,1.0,0.9705562049703803,0.1,0.1,adaptive,break_symmetry,offspring,feasible_start_adaptive_spacing,,,,feasible_start_adaptive_spacing,0.5,,True,auto_from_instance,0.75,0.35,"7,8,9,16,17,22,27,28,29,38,39,43,47,49,50","0,6,15,17,19,20,21,22,23,24,27,28,32,33,34",,,,,,"H[7,8,9,16,17,22,27,28,29,38,39,43,47,49,50]|V[0,6,15,17,19,20,21,22,23,24,27,28,32,33,34]",59c55a28d53f47701301421f850890ad1de7d63b
proposed_nsga2_bs_Gyorgy-KOVACS_WH_Narrow_AW_4_seed_104,proposed_nsga2_bs,Gyorgy-KOVACS_WH_Narrow_AW_4,104,17,auto_from_instance,12,18,4,30,216,,,,,8,2,4,root > V:27 > BH:27 > BV:17 > BV:17,selected,2,inf,True,684,260,424,484.0,1.0,1.0,True,True,1,1,0,True,1,1,0,0,True,True,0,15,15,15,15,2,SS_LS_PF,sampled_pool,,,True,1.0,0.9705562049703803,0.1,0.1,adaptive,break_symmetry,offspring,feasible_start_adaptive_spacing,,,,feasible_start_adaptive_spacing,0.5,,True,auto_from_instance,0.75,0.35,"7,8,9,16,17,22,27,28,29,38,39,43,47,49,50","0,6,15,17,19,20,21,22,23,24,27,28,32,33,34",,,,,,"H[7,8,9,16,17,22,27,28,29,38,39,43,47,49,50]|V[0,6,15,17,19,20,21,22,23,24,27,28,32,33,34]",6732d5258a9313035bead181283e041def90bbb2
proposed_nsga2_bs_Gyorgy-KOVACS_WH_Narrow_AW_4_seed_104,proposed_nsga2_bs,Gyorgy-KOVACS_WH_Narrow_AW_4,104,17,auto_from_instance,12,18,4,30,216,,,,,9,5,10,root > V:15 > BH:27 > BH:47 > BH:39 > BH:29 > BH:17 > BH:9 > BV:27 > BV:23 > BV:30,selected,0,inf,True,560,270,290,341.0,1.0,1.0,True,True,1,1,0,True,1,1,0,0,True,True,0,16,14,16,14,5,PF,sampled_pool,,,False,1.0,1.0,0.1,0.1,adaptive,insert_random_aisle,offspring,feasible_start_adaptive_spacing,,,,feasible_start_adaptive_spacing,0.5,,True,auto_from_instance,0.75,0.35,"3,5,7,9,10,15,17,23,25,27,28,29,38,39,47,49","2,6,13,15,18,19,20,22,23,27,30,32,33,34",,,,,,"H[3,5,7,9,10,15,17,23,25,27,28,29,38,39,47,49]|V[2,6,13,15,18,19,20,22,23,27,30,32,33,34]",1fa9344c00a95c630e382533991ef575b2f5e6b5
proposed_nsga2_bs_Gyorgy-KOVACS_WH_Narrow_AW_4_seed_104,proposed_nsga2_bs,Gyorgy-KOVACS_WH_Narrow_AW_4,104,17,auto_from_instance,12,18,4,30,216,,,,,10,6,4,root > V:28 > BH:27 > BV:19 > BV:19,selected,1,inf,True,680,262,418,472.0,1.0,1.0,True,True,1,1,0,True,1,1,0,0,True,True,0,15,14,15,14,6,LS_RP,sampled_pool,,,False,1.0,1.0,0.1,0.1,adaptive,bit_flip,offspring,feasible_start_adaptive_spacing,,,,feasible_start_adaptive_spacing,0.5,,True,auto_from_instance,0.75,0.35,"7,8,9,16,17,22,27,28,29,37,39,43,47,49,50","1,6,15,17,19,20,21,23,24,27,28,32,33,34",,,,,,"H[7,8,9,16,17,22,27,28,29,37,39,43,47,49,50]|V[1,6,15,17,19,20,21,23,24,27,28,32,33,34]",fc4825140fa5e2560776b4b932f5ef46c1588f36
proposed_nsga2_bs_Gyorgy-KOVACS_WH_Narrow_AW_4_seed_104,proposed_nsga2_bs,Gyorgy-KOVACS_WH_Narrow_AW_4,104,17,auto_from_instance,12,18,4,30,216,,,,,11,6,4,root > V:28 > BH:27 > BV:19 > BV:21,selected,2,inf,True,680,262,418,524.0,1.0,1.0,True,True,1,1,0,True,1,1,0,0,True,True,0,15,14,15,14,6,LS_RP,sampled_pool,,,False,1.0,1.0,0.1,0.1,adaptive,bit_flip,offspring,feasible_start_adaptive_spacing,,,,feasible_start_adaptive_spacing,0.5,,True,auto_from_instance,0.75,0.35,"7,8,9,16,17,22,27,28,29,37,39,43,47,49,50","1,6,15,17,19,20,21,23,24,27,28,32,33,34",,,,,,"H[7,8,9,16,17,22,27,28,29,37,39,43,47,49,50]|V[1,6,15,17,19,20,21,23,24,27,28,32,33,34]",334779b46d5c288ee3031362a71af20db7b63dd5
proposed_nsga2_bs_Gyorgy-KOVACS_WH_Narrow_AW_4_seed_104,proposed_nsga2_bs,Gyorgy-KOVACS_WH_Narrow_AW_4,104,17,auto_from_instance,12,18,4,30,216,,,,,12,6,4,root > V:28 > BH:27 > BV:19 > BV:21,selected,2,0.0,True,680,262,418,524.0,1.0,1.0,True,True,1,1,0,True,1,1,0,0,True,True,0,15,14,15,14,6,LS_RP,sampled_pool,,,False,1.0,1.0,0.1,0.1,adaptive,bit_flip,offspring,feasible_start_adaptive_spacing,,,,feasible_start_adaptive_spacing,0.5,,True,auto_from_instance,0.75,0.35,"7,8,9,16,17,22,27,28,29,37,39,43,47,49,50","1,6,15,17,19,20,21,23,24,27,28,32,33,34",,,,,,"H[7,8,9,16,17,22,27,28,29,37,39,43,47,49,50]|V[1,6,15,17,19,20,21,23,24,27,28,32,33,34]",8f2926ac3d427dac9f2e22e7dbb4782d03fe71f9
proposed_nsga2_bs_Gyorgy-KOVACS_WH_Narrow_AW_4_seed_104,proposed_nsga2_bs,Gyorgy-KOVACS_WH_Narrow_AW_4,104,17,auto_from_instance,12,18,4,30,216,,,,,13,6,4,root > V:28 > BH:27 > BV:19 > BV:17,selected,2,inf,True,680,262,418,524.0,1.0,1.0,True,True,1,1,0,True,1,1,0,0,True,True,0,15,14,15,14,6,LS_RP,sampled_pool,,,False,1.0,1.0,0.1,0.1,adaptive,bit_flip,offspring,feasible_start_adaptive_spacing,,,,feasible_start_adaptive_spacing,0.5,,True,auto_from_instance,0.75,0.35,"7,8,9,16,17,22,27,28,29,37,39,43,47,49,50","1,6,15,17,19,20,21,23,24,27,28,32,33,34",,,,,,"H[7,8,9,16,17,22,27,28,29,37,39,43,47,49,50]|V[1,6,15,17,19,20,21,23,24,27,28,32,33,34]",c3a8d798cccc0ae6137f5d1801f12286f82d75a7
proposed_nsga2_bs_Gyorgy-KOVACS_WH_Narrow_AW_4_seed_104,proposed_nsga2_bs,Gyorgy-KOVACS_WH_Narrow_AW_4,104,17,auto_from_instance,12,18,4,30,216,,,,,14,9,9,root > V:15 > BH:27 > BH:5 > BH:15 > BH:25 > BH:37 > BH:47 > BV:23 > BV:30,selected,1,inf,True,592,261,331,462.0,1.0,1.0,True,True,1,1,0,True,1,1,0,0,True,True,0,16,14,16,14,9,PF_SS,sampled_pool,,,True,1.0,1.0,0.1,0.1,adaptive,spacing_aware_flip,offspring,feasible_start_adaptive_spacing,,,,feasible_start_adaptive_spacing,0.5,,True,auto_from_instance,0.75,0.35,"5,7,9,10,15,17,23,27,28,29,37,39,47,49,56","2,6,13,15,18,19,20,22,23,27,30,32,33,34",,,,,,"H[5,7,9,10,15,17,23,25,27,28,29,37,39,47,49,56]|V[2,6,13,15,18,19,20,22,23,27,30,32,33,34]",9ee2190bb5e677e5dd6004d3c767bf39ff3449fb
proposed_nsga2_bs_Gyorgy-KOVACS_WH_Narrow_AW_4_seed_104,proposed_nsga2_bs,Gyorgy-KOVACS_WH_Narrow_AW_4,104,17,auto_from_instance,12,18,4,30,216,,,,,15,9,9,root > V:15 > BH:27 > BH:49 > BH:39 > BH:29 > BH:17 > BH:7 > BV:23 > BV:30,selected,1,inf,True,592,261,331,462.0,1.0,1.0,True,True,1,1,0,True,1,1,0,0,True,True,0,15,14,15,14,9,PF_SS,sampled_pool,,,True,1.0,1.0,0.1,0.1,adaptive,spacing_aware_flip,offspring,feasible_start_adaptive_spacing,,,,feasible_start_adaptive_spacing,0.5,,True,auto_from_instance,0.75,0.35,"5,7,9,10,15,17,23,27,28,29,37,39,47,49,56","2,6,13,15,18,19,20,22,23,27,30,32,33,34",,,,,,"H[5,7,9,10,15,17,23,27,28,29,37,39,47,49,56]|V[2,6,13,15,18,19,20,22,23,27,30,32,33,34]",eef866e48d563b788dc6683537da31dffdbde584
