run_id,method,instance,seed,generation,budget_policy,auto_population_size,auto_generations,auto_beam_width,auto_max_depth,auto_decode_budget,restart_index,batch_index,within_batch_index,decode_budget,candidate_id,parent_chromosome_id,depth,trace,status,rank,crowding_distance,selected,storage_total,pick_faces,interior_storage,retrieval_penalty,door_connectivity_index,access_anchor_connectivity_index,has_door_connected_aisle,has_access_anchor_connected_aisle,aisle_components,anchor_connected_components,unanchored_aisle_components,single_aisle_component,access_network_components,aisle_access_network_components,unreachable_aisle_components,unreachable_aisle_cells,has_access_anchor_reachable_aisle_network,exact_width_ok,exact_width_violation_count,chromosome_h_active_count,chromosome_v_active_count,active_h_count,active_v_count,chromosome_index,sorting_rule,sorting_rule_mode,bs_rule_policy,bs_weight_policy,uses_scalar_score,rho,beam_w1,beam_w2,beam_lambda,adaptive_weight_mode,mutation_operator,initialization_mode,initialization_spacing_mode,adaptive_spacing_used,feasible_h_start_count,feasible_v_start_count,adaptive_spacing_mode,adaptive_spacing_alpha,adaptive_spacing_bf,auto_params_used,parameter_source,beta_h,beta_v,h_active_starts,v_active_starts,terminal,safety_max_depth_reached,feasible,feasibility_reason,storage_block_count,chromosome_signature,layout_signature
proposed_nsga2_bs_AT_S_comercial_layout_AW_3_seed_101,proposed_nsga2_bs,AT_S_comercial_layout_AW_3,101,0,auto_from_instance,10,15,3,28,150,,,,,1,1,6,root > V:6 > BH:11 > BH:19 > BH:13 > BH:7 > BV:13,selected,3,inf,True,213,98,115,319.0,1.0,1.0,True,True,1,1,0,True,1,1,0,0,True,True,0,4,3,4,3,1,PF_LS_RP,fixed,,,False,0.06666666666666667,0.10661191895423681,0.9333333333333333,0.1,adaptive,,feasible_start_adaptive_spacing,feasible_start_adaptive_spacing,True,7,12,feasible_start_adaptive_spacing,0.5,,True,auto_from_instance,0.75,0.35,,"6,12",,,,,,"H[7,11,13,19]|V[6,12,13]",23ef570038b4a2e4003284fcf16d928fbd63ba52
proposed_nsga2_bs_AT_S_comercial_layout_AW_3_seed_101,proposed_nsga2_bs,AT_S_comercial_layout_AW_3,101,0,auto_from_instance,10,15,3,28,150,,,,,2,1,6,root > V:6 > BH:11 > BH:19 > BH:12 > BH:3 > BV:13,evaluated,3,inf,False,213,97,116,186.0,1.0,1.0,True,True,1,1,0,True,1,1,0,0,True,True,0,4,3,4,3,1,PF_LS_RP,fixed,,,False,0.06666666666666667,0.10661191895423681,0.9333333333333333,0.1,adaptive,,feasible_start_adaptive_spacing,feasible_start_adaptive_spacing,True,7,12,feasible_start_adaptive_spacing,0.5,,True,auto_from_instance,0.75,0.35,,"6,12",,,,,,"H[3,11,12,19]|V[6,12,13]",b4012e63027e98af1c9b903c6073f2c7d839fa07
proposed_nsga2_bs_AT_S_comercial_layout_AW_3_seed_101,proposed_nsga2_bs,AT_S_comercial_layout_AW_3,101,0,auto_from_instance,10,15,3,28,150,,,,,3,1,6,root > V:6 > BH:11 > BH:18 > BH:12 > BH:3 > BV:13,evaluated,3,inf,False,213,97,116,186.0,1.0,1.0,True,True,1,1,0,True,1,1,0,0,True,True,0,4,3,4,3,1,PF_LS_RP,fixed,,,False,0.06666666666666667,0.10661191895423681,0.9333333333333333,0.1,adaptive,,feasible_start_adaptive_spacing,feasible_start_adaptive_spacing,True,7,12,feasible_start_adaptive_spacing,0.5,,True,auto_from_instance,0.75,0.35,,"6,12",,,,,,"H[3,11,12,18]|V[6,12,13]",5d31a8ee0a0514c37e90291823b55cfda5397753
proposed_nsga2_bs_AT_S_comercial_layout_AW_3_seed_101,proposed_nsga2_bs,AT_S_comercial_layout_AW_3,101,0,auto_from_instance,10,15,3,28,150,,,,,4,2,6,root > V:5 > BH:11 > BH:19 > BH:13 > BH:7 > BV:13,evaluated,5,inf,False,219,92,127,286.0,1.0,1.0,True,True,1,1,0,True,1,1,0,0,True,True,0,4,3,4,3,2,PF_LS_RP,fixed,,,False,0.06666666666666667,0.14090780459623153,0.9333333333333333,0.1,adaptive,,feasible_start_adaptive_spacing,feasible_start_adaptive_spacing,True,7,12,feasible_start_adaptive_spacing,0.5,,True,auto_from_instance,0.75,0.35,,"5,9",,,,,,"H[7,11,13,19]|V[5,9,13]",83db31f9197a36d619843bf3d29485607fd03847
proposed_nsga2_bs_AT_S_comercial_layout_AW_3_seed_101,proposed_nsga2_bs,AT_S_comercial_layout_AW_3,101,0,auto_from_instance,10,15,3,28,150,,,,,5,2,6,root > V:5 > BH:11 > BH:19 > BH:13 > BH:6 > BV:13,evaluated,5,1.4333333333333333,False,219,91,128,270.0,1.0,1.0,True,True,1,1,0,True,1,1,0,0,True,True,0,4,3,4,3,2,PF_LS_RP,fixed,,,False,0.06666666666666667,0.14090780459623153,0.9333333333333333,0.1,adaptive,,feasible_start_adaptive_spacing,feasible_start_adaptive_spacing,True,7,12,feasible_start_adaptive_spacing,0.5,,True,auto_from_instance,0.75,0.35,,"5,9",,,,,,"H[6,11,13,19]|V[5,9,13]",e1f0e772df9443d724aa36f576d5bb596885ec2d
proposed_nsga2_bs_AT_S_comercial_layout_AW_3_seed_101,proposed_nsga2_bs,AT_S_comercial_layout_AW_3,101,0,auto_from_instance,10,15,3,28,150,,,,,6,2,6,root > V:5 > BH:11 > BH:19 > BH:12 > BH:6 > BV:13,evaluated,5,inf,False,219,91,128,270.0,1.0,1.0,True,True,1,1,0,True,1,1,0,0,True,True,0,4,3,4,3,2,PF_LS_RP,fixed,,,False,0.06666666666666667,0.14090780459623153,0.9333333333333333,0.1,adaptive,,feasible_start_adaptive_spacing,feasible_start_adaptive_spacing,True,7,12,feasible_start_adaptive_spacing,0.5,,True,auto_from_instance,0.75,0.35,,"5,9",,,,,,"H[6,11,12,19]|V[5,9,13]",6c72f66ef47291931136417cf64cd419a5d3ab85
proposed_nsga2_bs_AT_S_comercial_layout_AW_3_seed_101,proposed_nsga2_bs,AT_S_comercial_layout_AW_3,101,0,auto_from_instance,10,15,3,28,150,,,,,7,3,6,root > V:6 > BH:11 > BH:19 > BH:11 > BH:3 > BV:13,evaluated,4,inf,False,213,97,116,204.0,1.0,1.0,True,True,1,1,0,True,1,1,0,0,True,True,0,3,4,3,4,3,PF_LS_RP,fixed,,,False,0.06666666666666667,0.1,0.9333333333333333,0.1,adaptive,,feasible_start_adaptive_spacing,feasible_start_adaptive_spacing,True,7,12,feasible_start_adaptive_spacing,0.5,,True,auto_from_instance,0.75,0.35,,"0,6,9",,,,,,"H[3,11,19]|V[0,6,9,13]",5a01955122f14f0fae94fb694fab0e7fb7408f43
proposed_nsga2_bs_AT_S_comercial_layout_AW_3_seed_101,proposed_nsga2_bs,AT_S_comercial_layout_AW_3,101,0,auto_from_instance,10,15,3,28,150,,,,,8,4,6,root > V:7 > BH:11 > BH:19 > BH:12 > BH:3 > BV:13,selected,1,inf,True,207,104,103,141.0,1.0,1.0,True,True,1,1,0,True,1,1,0,0,True,True,0,5,4,5,4,4,PF_LS_RP,fixed,,,False,0.06666666666666667,0.1,0.9333333333333333,0.1,adaptive,,feasible_start_adaptive_spacing,feasible_start_adaptive_spacing,True,7,12,feasible_start_adaptive_spacing,0.5,,True,auto_from_instance,0.75,0.35,5,"1,6,7",,,,,,"H[3,5,11,12,19]|V[1,6,7,13]",9d3d21d36a6671b620f72af434eb1fd0be3a0f4e
proposed_nsga2_bs_AT_S_comercial_layout_AW_3_seed_101,proposed_nsga2_bs,AT_S_comercial_layout_AW_3,101,0,auto_from_instance,10,15,3,28,150,,,,,9,4,6,root > V:7 > BH:11 > BH:18 > BH:12 > BH:3 > BV:13,selected,1,inf,True,207,104,103,141.0,1.0,1.0,True,True,1,1,0,True,1,1,0,0,True,True,0,5,4,5,4,4,PF_LS_RP,fixed,,,False,0.06666666666666667,0.1,0.9333333333333333,0.1,adaptive,,feasible_start_adaptive_spacing,feasible_start_adaptive_spacing,True,7,12,feasible_start_adaptive_spacing,0.5,,True,auto_from_instance,0.75,0.35,5,"1,6,7",,,,,,"H[3,5,11,12,18]|V[1,6,7,13]",17566a936b0a83eaa90be3aca0f6ae7aafd53551
proposed_nsga2_bs_AT_S_comercial_layout_AW_3_seed_101,proposed_nsga2_bs,AT_S_comercial_layout_AW_3,101,0,auto_from_instance,10,15,3,28,150,,,,,10,4,6,root > V:7 > BH:11 > BH:19 > BH:13 > BH:4 > BV:13,selected,2,inf,True,207,104,103,176.0,1.0,1.0,True,True,1,1,0,True,1,1,0,0,True,True,0,5,4,5,4,4,PF_LS_RP,fixed,,,False,0.06666666666666667,0.1,0.9333333333333333,0.1,adaptive,,feasible_start_adaptive_spacing,feasible_start_adaptive_spacing,True,7,12,feasible_start_adaptive_spacing,0.5,,True,auto_from_instance,0.75,0.35,5,"1,6,7",,,,,,"H[4,5,11,13,19]|V[1,6,7,13]",f03482f4c3e8943fd1d8a7356a54c2341286baac
proposed_nsga2_bs_AT_S_comercial_layout_AW_3_seed_101,proposed_nsga2_bs,AT_S_comercial_layout_AW_3,101,0,auto_from_instance,10,15,3,28,150,,,,,11,5,5,root > H:2 > BH:15 > BH:9 > BV:4 > BH:22,selected,0,inf,True,204,110,94,69.0,1.0,1.0,True,True,3,3,0,False,1,1,0,0,True,True,0,4,4,4,4,5,PF_LS_RP,fixed,,,False,0.06666666666666667,0.1,0.9333333333333333,0.1,adaptive,,feasible_start_adaptive_spacing,feasible_start_adaptive_spacing,True,7,12,feasible_start_adaptive_spacing,0.5,,True,auto_from_instance,0.75,0.35,2,"3,5,13",,,,,,"H[2,9,15,22]|V[3,4,5,13]",11d3ebe88426626fb11b9066022940c913788a88
proposed_nsga2_bs_AT_S_comercial_layout_AW_3_seed_101,proposed_nsga2_bs,AT_S_comercial_layout_AW_3,101,0,auto_from_instance,10,15,3,28,150,,,,,12,6,3,root > V:4 > BH:11 > BV:10,evaluated,3,inf,False,261,102,159,439.0,1.0,1.0,True,True,1,1,0,True,1,1,0,0,True,True,0,2,4,2,4,6,PF_LS_RP,fixed,,,False,0.06666666666666667,0.1,0.9333333333333333,0.1,adaptive,,feasible_start_adaptive_spacing,feasible_start_adaptive_spacing,True,7,12,feasible_start_adaptive_spacing,0.5,,True,auto_from_instance,0.75,0.35,0,"4,12,13",,,,,,"H[0,11]|V[4,10,12,13]",9f743de52d693602543418d64e2fc4d7c070588d
proposed_nsga2_bs_AT_S_comercial_layout_AW_3_seed_101,proposed_nsga2_bs,AT_S_comercial_layout_AW_3,101,0,auto_from_instance,10,15,3,28,150,,,,,13,6,3,root > V:13 > BH:12 > BH:19,evaluated,6,inf,False,270,82,188,367.0,1.0,1.0,True,True,1,1,0,True,1,1,0,0,True,True,0,3,3,3,3,6,PF_LS_RP,fixed,,,False,0.06666666666666667,0.1,0.9333333333333333,0.1,adaptive,,feasible_start_adaptive_spacing,feasible_start_adaptive_spacing,True,7,12,feasible_start_adaptive_spacing,0.5,,True,auto_from_instance,0.75,0.35,0,"4,12,13",,,,,,"H[0,12,19]|V[4,12,13]",4966da0ed6211d05f7118b5ba9431c53521924b7
proposed_nsga2_bs_AT_S_comercial_layout_AW_3_seed_101,proposed_nsga2_bs,AT_S_comercial_layout_AW_3,101,0,auto_from_instance,10,15,3,28,150,,,,,14,6,3,root > V:13 > BH:12 > BH:18,evaluated,6,inf,False,270,82,188,367.0,1.0,1.0,True,True,1,1,0,True,1,1,0,0,True,True,0,3,3,3,3,6,PF_LS_RP,fixed,,,False,0.06666666666666667,0.1,0.9333333333333333,0.1,adaptive,,feasible_start_adaptive_spacing,feasible_start_adaptive_spacing,True,7,12,feasible_start_adaptive_spacing,0.5,,True,auto_from_instance,0.75,0.35,0,"4,12,13",,,,,,"H[0,12,18]|V[4,12,13]",081c8d5526a109e445a209bc685cd22e380c24dd
proposed_nsga2_bs_AT_S_comercial_layout_AW_3_seed_101,proposed_nsga2_bs,AT_S_comercial_layout_AW_3,101,0,auto_from_instance,10,15,3,28,150,,,,,15,7,4,root > V:2 > BH:11 > BH:18 > BV:8,selected,0,inf,True,222,120,102,118.0,1.0,1.0,True,True,1,1,0,True,1,1,0,0,True,True,0,4,4,4,4,7,PF_LS_RP,fixed,,,False,0.06666666666666667,0.1,0.9333333333333333,0.1,adaptive,,feasible_start_adaptive_spacing,feasible_start_adaptive_spacing,True,7,12,feasible_start_adaptive_spacing,0.5,,True,auto_from_instance,0.75,0.35,"0,5","2,3,9",,,,,,"H[0,5,11,18]|V[2,3,8,9]",c7821f85912c8e5c3b6ca7ddc3262e68ecac8a29
proposed_nsga2_bs_AT_S_comercial_layout_AW_3_seed_101,proposed_nsga2_bs,AT_S_comercial_layout_AW_3,101,0,auto_from_instance,10,15,3,28,150,,,,,16,7,4,root > V:2 > BH:11 > BV:9 > BV:8,selected,0,inf,True,222,120,102,118.0,1.0,1.0,True,True,1,1,0,True,1,1,0,0,True,True,0,3,4,3,4,7,PF_LS_RP,fixed,,,False,0.06666666666666667,0.1,0.9333333333333333,0.1,adaptive,,feasible_start_adaptive_spacing,feasible_start_adaptive_spacing,True,7,12,feasible_start_adaptive_spacing,0.5,,True,auto_from_instance,0.75,0.35,"0,5","2,3,9",,,,,,"H[0,5,11]|V[2,3,8,9]",819b823d42066f1be4d37e503ecee22d07e5a6b0
proposed_nsga2_bs_AT_S_comercial_layout_AW_3_seed_101,proposed_nsga2_bs,AT_S_comercial_layout_AW_3,101,0,auto_from_instance,10,15,3,28,150,,,,,17,7,4,root > V:2 > BH:11 > BH:19 > BV:8,selected,1,inf,True,222,120,102,151.0,1.0,1.0,True,True,1,1,0,True,1,1,0,0,True,True,0,4,4,4,4,7,PF_LS_RP,fixed,,,False,0.06666666666666667,0.1,0.9333333333333333,0.1,adaptive,,feasible_start_adaptive_spacing,feasible_start_adaptive_spacing,True,7,12,feasible_start_adaptive_spacing,0.5,,True,auto_from_instance,0.75,0.35,"0,5","2,3,9",,,,,,"H[0,5,11,19]|V[2,3,8,9]",8ba645c74da6577ac7820f92db785eac755acc05
proposed_nsga2_bs_AT_S_comercial_layout_AW_3_seed_101,proposed_nsga2_bs,AT_S_comercial_layout_AW_3,101,0,auto_from_instance,10,15,3,28,150,,,,,18,8,4,root > V:3 > BH:11 > BV:10 > BV:9,selected,1,1.9875,True,225,115,110,149.0,1.0,1.0,True,True,1,1,0,True,1,1,0,0,True,True,0,1,5,1,5,8,PF_LS_RP,fixed,,,False,0.06666666666666667,0.1154835137564596,0.9333333333333333,0.1,adaptive,,feasible_start_adaptive_spacing,feasible_start_adaptive_spacing,True,7,12,feasible_start_adaptive_spacing,0.5,,True,auto_from_instance,0.75,0.35,,"3,12,13",,,,,,"H[11]|V[3,9,10,12,13]",ae825089721f98e0d9805014401719023ff6a664
proposed_nsga2_bs_AT_S_comercial_layout_AW_3_seed_101,proposed_nsga2_bs,AT_S_comercial_layout_AW_3,101,0,auto_from_instance,10,15,3,28,150,,,,,19,8,4,root > V:3 > BH:11 > BV:9 > BV:9,selected,1,inf,True,225,115,110,149.0,1.0,1.0,True,True,1,1,0,True,1,1,0,0,True,True,0,1,4,1,4,8,PF_LS_RP,fixed,,,False,0.06666666666666667,0.1154835137564596,0.9333333333333333,0.1,adaptive,,feasible_start_adaptive_spacing,feasible_start_adaptive_spacing,True,7,12,feasible_start_adaptive_spacing,0.5,,True,auto_from_instance,0.75,0.35,,"3,12,13",,,,,,"H[11]|V[3,9,12,13]",0a75f2b327085dc5778e0a33aad21dbd318e0a85
proposed_nsga2_bs_AT_S_comercial_layout_AW_3_seed_101,proposed_nsga2_bs,AT_S_comercial_layout_AW_3,101,0,auto_from_instance,10,15,3,28,150,,,,,20,8,4,root > V:3 > BH:11 > BV:9 > BV:13,evaluated,5,inf,False,225,93,132,226.0,1.0,1.0,True,True,1,1,0,True,1,1,0,0,True,True,0,1,4,1,4,8,PF_LS_RP,fixed,,,False,0.06666666666666667,0.1154835137564596,0.9333333333333333,0.1,adaptive,,feasible_start_adaptive_spacing,feasible_start_adaptive_spacing,True,7,12,feasible_start_adaptive_spacing,0.5,,True,auto_from_instance,0.75,0.35,,"3,12,13",,,,,,"H[11]|V[3,9,12,13]",3fc0967e8cf1acc9db002871d4c6fad00e132dd7
proposed_nsga2_bs_AT_S_comercial_layout_AW_3_seed_101,proposed_nsga2_bs,AT_S_comercial_layout_AW_3,101,1,auto_from_instance,10,15,3,28,150,,,,,1,1,4,root > V:2 > BH:11 > BH:18 > BV:8,selected,0,inf,True,222,120,102,118.0,1.0,1.0,True,True,1,1,0,True,1,1,0,0,True,True,0,5,4,5,4,1,PF_LS_RP,fixed,,,False,0.13333333333333333,0.16751173457633337,0.8666666666666667,0.1,adaptive,spacing_aware_flip,offspring,feasible_start_adaptive_spacing,,,,feasible_start_adaptive_spacing,0.5,,True,auto_from_instance,0.75,0.35,"0,5,11,27","2,3,8,9",,,,,,"H[0,5,11,18,27]|V[2,3,8,9]",c7821f85912c8e5c3b6ca7ddc3262e68ecac8a29
proposed_nsga2_bs_AT_S_comercial_layout_AW_3_seed_101,proposed_nsga2_bs,AT_S_comercial_layout_AW_3,101,1,auto_from_instance,10,15,3,28,150,,,,,2,1,4,root > V:2 > BH:11 > BV:9 > BV:8,selected,0,inf,True,222,120,102,118.0,1.0,1.0,True,True,1,1,0,True,1,1,0,0,True,True,0,4,4,4,4,1,PF_LS_RP,fixed,,,False,0.13333333333333333,0.16751173457633337,0.8666666666666667,0.1,adaptive,spacing_aware_flip,offspring,feasible_start_adaptive_spacing,,,,feasible_start_adaptive_spacing,0.5,,True,auto_from_instance,0.75,0.35,"0,5,11,27","2,3,8,9",,,,,,"H[0,5,11,27]|V[2,3,8,9]",819b823d42066f1be4d37e503ecee22d07e5a6b0
proposed_nsga2_bs_AT_S_comercial_layout_AW_3_seed_101,proposed_nsga2_bs,AT_S_comercial_layout_AW_3,101,1,auto_from_instance,10,15,3,28,150,,,,,3,1,4,root > V:2 > BH:11 > BH:19 > BV:8,selected,1,inf,True,222,120,102,151.0,1.0,1.0,True,True,1,1,0,True,1,1,0,0,True,True,0,5,4,5,4,1,PF_LS_RP,fixed,,,False,0.13333333333333333,0.16751173457633337,0.8666666666666667,0.1,adaptive,spacing_aware_flip,offspring,feasible_start_adaptive_spacing,,,,feasible_start_adaptive_spacing,0.5,,True,auto_from_instance,0.75,0.35,"0,5,11,27","2,3,8,9",,,,,,"H[0,5,11,19,27]|V[2,3,8,9]",8ba645c74da6577ac7820f92db785eac755acc05
proposed_nsga2_bs_AT_S_comercial_layout_AW_3_seed_101,proposed_nsga2_bs,AT_S_comercial_layout_AW_3,101,1,auto_from_instance,10,15,3,28,150,,,,,4,4,6,root > V:7 > BH:11 > BH:19 > BH:12 > BH:3 > BV:13,selected,1,inf,True,207,104,103,141.0,1.0,1.0,True,True,1,1,0,True,1,1,0,0,True,True,0,6,6,6,6,4,PF_LS_RP,fixed,,,False,0.13333333333333333,0.2308043720809833,0.8666666666666667,0.1,adaptive,spacing_aware_flip,offspring,feasible_start_adaptive_spacing,,,,feasible_start_adaptive_spacing,0.5,,True,auto_from_instance,0.75,0.35,"3,5,11,12,18","1,6,7,8,13,17",,,,,,"H[3,5,11,12,18,19]|V[1,6,7,8,13,17]",9d3d21d36a6671b620f72af434eb1fd0be3a0f4e
proposed_nsga2_bs_AT_S_comercial_layout_AW_3_seed_101,proposed_nsga2_bs,AT_S_comercial_layout_AW_3,101,1,auto_from_instance,10,15,3,28,150,,,,,5,4,6,root > V:7 > BH:11 > BH:18 > BH:12 > BH:3 > BV:13,selected,1,inf,True,207,104,103,141.0,1.0,1.0,True,True,1,1,0,True,1,1,0,0,True,True,0,5,6,5,6,4,PF_LS_RP,fixed,,,False,0.13333333333333333,0.2308043720809833,0.8666666666666667,0.1,adaptive,spacing_aware_flip,offspring,feasible_start_adaptive_spacing,,,,feasible_start_adaptive_spacing,0.5,,True,auto_from_instance,0.75,0.35,"3,5,11,12,18","1,6,7,8,13,17",,,,,,"H[3,5,11,12,18]|V[1,6,7,8,13,17]",17566a936b0a83eaa90be3aca0f6ae7aafd53551
proposed_nsga2_bs_AT_S_comercial_layout_AW_3_seed_101,proposed_nsga2_bs,AT_S_comercial_layout_AW_3,101,1,auto_from_instance,10,15,3,28,150,,,,,6,4,6,root > V:7 > BH:11 > BH:19 > BH:13 > BH:4 > BV:13,selected,2,inf,True,207,104,103,176.0,1.0,1.0,True,True,1,1,0,True,1,1,0,0,True,True,0,8,6,8,6,4,PF_LS_RP,fixed,,,False,0.13333333333333333,0.2308043720809833,0.8666666666666667,0.1,adaptive,spacing_aware_flip,offspring,feasible_start_adaptive_spacing,,,,feasible_start_adaptive_spacing,0.5,,True,auto_from_instance,0.75,0.35,"3,5,11,12,18","1,6,7,8,13,17",,,,,,"H[3,4,5,11,12,13,18,19]|V[1,6,7,8,13,17]",f03482f4c3e8943fd1d8a7356a54c2341286baac
proposed_nsga2_bs_AT_S_comercial_layout_AW_3_seed_101,proposed_nsga2_bs,AT_S_comercial_layout_AW_3,101,1,auto_from_instance,10,15,3,28,150,,,,,7,5,4,root > V:3 > BH:11 > BV:10 > BV:9,selected,1,1.9875,True,225,115,110,149.0,1.0,1.0,True,True,1,1,0,True,1,1,0,0,True,True,0,4,6,4,6,5,PF_LS_RP,fixed,,,False,0.13333333333333333,0.11295555164270649,0.8666666666666667,0.1,adaptive,spacing_aware_flip,offspring,feasible_start_adaptive_spacing,,,,feasible_start_adaptive_spacing,0.5,,True,auto_from_instance,0.75,0.35,"2,9,15","3,4,5,9,19",,,,,,"H[2,9,11,15]|V[3,4,5,9,10,19]",ae825089721f98e0d9805014401719023ff6a664
proposed_nsga2_bs_AT_S_comercial_layout_AW_3_seed_101,proposed_nsga2_bs,AT_S_comercial_layout_AW_3,101,1,auto_from_instance,10,15,3,28,150,,,,,8,5,4,root > V:3 > BH:11 > BV:9 > BV:9,selected,1,inf,True,225,115,110,149.0,1.0,1.0,True,True,1,1,0,True,1,1,0,0,True,True,0,4,5,4,5,5,PF_LS_RP,fixed,,,False,0.13333333333333333,0.11295555164270649,0.8666666666666667,0.1,adaptive,spacing_aware_flip,offspring,feasible_start_adaptive_spacing,,,,feasible_start_adaptive_spacing,0.5,,True,auto_from_instance,0.75,0.35,"2,9,15","3,4,5,9,19",,,,,,"H[2,9,11,15]|V[3,4,5,9,19]",0a75f2b327085dc5778e0a33aad21dbd318e0a85
proposed_nsga2_bs_AT_S_comercial_layout_AW_3_seed_101,proposed_nsga2_bs,AT_S_comercial_layout_AW_3,101,1,auto_from_instance,10,15,3,28,150,,,,,9,7,4,root > V:3 > BH:11 > BV:9 > BV:13,selected,3,inf,True,225,93,132,226.0,1.0,1.0,True,True,1,1,0,True,1,1,0,0,True,True,0,4,4,4,4,7,PF_LS_RP,fixed,,,False,0.13333333333333333,0.1,0.8666666666666667,0.1,adaptive,spacing_aware_flip,offspring,feasible_start_adaptive_spacing,,,,feasible_start_adaptive_spacing,0.5,,True,auto_from_instance,0.75,0.35,"0,5,11,17","3,8,9",,,,,,"H[0,5,11,17]|V[3,8,9,13]",3fc0967e8cf1acc9db002871d4c6fad00e132dd7
proposed_nsga2_bs_AT_S_comercial_layout_AW_3_seed_101,proposed_nsga2_bs,AT_S_comercial_layout_AW_3,101,1,auto_from_instance,10,15,3,28,150,,,,,10,9,5,root > H:5 > BH:18 > BH:12 > BV:3 > BV:9,selected,0,inf,True,234,127,107,89.0,1.0,1.0,True,True,3,3,0,False,1,1,0,0,True,True,0,5,5,5,5,9,PF_LS_RP,fixed,,,False,0.13333333333333333,0.10906558173073543,0.8666666666666667,0.1,adaptive,break_symmetry,offspring,feasible_start_adaptive_spacing,,,,feasible_start_adaptive_spacing,0.5,,True,auto_from_instance,0.75,0.35,"0,5,11","3,9,10,11,13",,,,,,"H[0,5,11,12,18]|V[3,9,10,11,13]",02eb0b54c6dd00fb01351bf57377ea9aaccaed72
proposed_nsga2_bs_AT_S_comercial_layout_AW_3_seed_101,proposed_nsga2_bs,AT_S_comercial_layout_AW_3,101,2,auto_from_instance,10,15,3,28,150,,,,,1,1,4,root > V:2 > BH:11 > BH:18 > BV:8,selected,0,inf,True,222,120,102,118.0,1.0,1.0,True,True,1,1,0,True,1,1,0,0,True,True,0,6,4,6,4,1,PF_LS_RP,fixed,,,False,0.2,0.16613981458624186,0.8,0.1,adaptive,insert_random_aisle,offspring,feasible_start_adaptive_spacing,,,,feasible_start_adaptive_spacing,0.5,,True,auto_from_instance,0.75,0.35,"0,2,5,11,27","2,3,8,9",,,,,,"H[0,2,5,11,18,27]|V[2,3,8,9]",c7821f85912c8e5c3b6ca7ddc3262e68ecac8a29
proposed_nsga2_bs_AT_S_comercial_layout_AW_3_seed_101,proposed_nsga2_bs,AT_S_comercial_layout_AW_3,101,2,auto_from_instance,10,15,3,28,150,,,,,2,1,4,root > V:2 > BH:11 > BV:9 > BV:8,selected,0,inf,True,222,120,102,118.0,1.0,1.0,True,True,1,1,0,True,1,1,0,0,True,True,0,5,4,5,4,1,PF_LS_RP,fixed,,,False,0.2,0.16613981458624186,0.8,0.1,adaptive,insert_random_aisle,offspring,feasible_start_adaptive_spacing,,,,feasible_start_adaptive_spacing,0.5,,True,auto_from_instance,0.75,0.35,"0,2,5,11,27","2,3,8,9",,,,,,"H[0,2,5,11,27]|V[2,3,8,9]",819b823d42066f1be4d37e503ecee22d07e5a6b0
proposed_nsga2_bs_AT_S_comercial_layout_AW_3_seed_101,proposed_nsga2_bs,AT_S_comercial_layout_AW_3,101,2,auto_from_instance,10,15,3,28,150,,,,,3,1,4,root > V:2 > BH:11 > BH:19 > BV:8,selected,1,inf,True,222,120,102,151.0,1.0,1.0,True,True,1,1,0,True,1,1,0,0,True,True,0,6,4,6,4,1,PF_LS_RP,fixed,,,False,0.2,0.16613981458624186,0.8,0.1,adaptive,insert_random_aisle,offspring,feasible_start_adaptive_spacing,,,,feasible_start_adaptive_spacing,0.5,,True,auto_from_instance,0.75,0.35,"0,2,5,11,27","2,3,8,9",,,,,,"H[0,2,5,11,19,27]|V[2,3,8,9]",8ba645c74da6577ac7820f92db785eac755acc05
proposed_nsga2_bs_AT_S_comercial_layout_AW_3_seed_101,proposed_nsga2_bs,AT_S_comercial_layout_AW_3,101,2,auto_from_instance,10,15,3,28,150,,,,,4,4,4,root > V:3 > BH:11 > BV:10 > BV:9,selected,1,1.9875,True,225,115,110,149.0,1.0,1.0,True,True,1,1,0,True,1,1,0,0,True,True,0,5,6,5,6,4,PF_LS_RP,fixed,,,False,0.2,0.17399988020298215,0.8,0.1,adaptive,insert_random_aisle,offspring,feasible_start_adaptive_spacing,,,,feasible_start_adaptive_spacing,0.5,,True,auto_from_instance,0.75,0.35,"2,3,9,11,15","3,4,5,9,19",,,,,,"H[2,3,9,11,15]|V[3,4,5,9,10,19]",ae825089721f98e0d9805014401719023ff6a664
proposed_nsga2_bs_AT_S_comercial_layout_AW_3_seed_101,proposed_nsga2_bs,AT_S_comercial_layout_AW_3,101,2,auto_from_instance,10,15,3,28,150,,,,,5,4,4,root > V:3 > BH:11 > BV:9 > BV:9,selected,1,inf,True,225,115,110,149.0,1.0,1.0,True,True,1,1,0,True,1,1,0,0,True,True,0,5,5,5,5,4,PF_LS_RP,fixed,,,False,0.2,0.17399988020298215,0.8,0.1,adaptive,insert_random_aisle,offspring,feasible_start_adaptive_spacing,,,,feasible_start_adaptive_spacing,0.5,,True,auto_from_instance,0.75,0.35,"2,3,9,11,15","3,4,5,9,19",,,,,,"H[2,3,9,11,15]|V[3,4,5,9,19]",0a75f2b327085dc5778e0a33aad21dbd318e0a85
proposed_nsga2_bs_AT_S_comercial_layout_AW_3_seed_101,proposed_nsga2_bs,AT_S_comercial_layout_AW_3,101,2,auto_from_instance,10,15,3,28,150,,,,,6,6,5,root > H:5 > BH:18 > BH:12 > BV:3 > BV:9,selected,0,inf,True,234,127,107,89.0,1.0,1.0,True,True,3,3,0,False,1,1,0,0,True,True,0,6,5,6,5,6,PF_LS_RP,fixed,,,False,0.2,0.18520876843369108,0.8,0.1,adaptive,bit_flip,offspring,feasible_start_adaptive_spacing,,,,feasible_start_adaptive_spacing,0.5,,True,auto_from_instance,0.75,0.35,"0,5,11,12,18,26","3,9,10,11,13",,,,,,"H[0,5,11,12,18,26]|V[3,9,10,11,13]",02eb0b54c6dd00fb01351bf57377ea9aaccaed72
proposed_nsga2_bs_AT_S_comercial_layout_AW_3_seed_101,proposed_nsga2_bs,AT_S_comercial_layout_AW_3,101,2,auto_from_instance,10,15,3,28,150,,,,,7,8,6,root > V:7 > BH:11 > BH:19 > BH:12 > BH:3 > BV:13,selected,1,inf,True,207,104,103,141.0,1.0,1.0,True,True,1,1,0,True,1,1,0,0,True,True,0,7,5,7,5,8,PF_LS_RP,fixed,,,False,0.2,0.25921571819841593,0.8,0.1,adaptive,bit_flip,offspring,feasible_start_adaptive_spacing,,,,feasible_start_adaptive_spacing,0.5,,True,auto_from_instance,0.75,0.35,"5,11,12,18,25","1,6,7,8",,,,,,"H[3,5,11,12,18,19,25]|V[1,6,7,8,13]",9d3d21d36a6671b620f72af434eb1fd0be3a0f4e
proposed_nsga2_bs_AT_S_comercial_layout_AW_3_seed_101,proposed_nsga2_bs,AT_S_comercial_layout_AW_3,101,2,auto_from_instance,10,15,3,28,150,,,,,8,8,6,root > V:7 > BH:11 > BH:18 > BH:12 > BH:3 > BV:13,selected,1,inf,True,207,104,103,141.0,1.0,1.0,True,True,1,1,0,True,1,1,0,0,True,True,0,6,5,6,5,8,PF_LS_RP,fixed,,,False,0.2,0.25921571819841593,0.8,0.1,adaptive,bit_flip,offspring,feasible_start_adaptive_spacing,,,,feasible_start_adaptive_spacing,0.5,,True,auto_from_instance,0.75,0.35,"5,11,12,18,25","1,6,7,8",,,,,,"H[3,5,11,12,18,25]|V[1,6,7,8,13]",17566a936b0a83eaa90be3aca0f6ae7aafd53551
proposed_nsga2_bs_AT_S_comercial_layout_AW_3_seed_101,proposed_nsga2_bs,AT_S_comercial_layout_AW_3,101,2,auto_from_instance,10,15,3,28,150,,,,,9,8,6,root > V:7 > BH:11 > BH:19 > BH:13 > BH:4 > BV:13,selected,2,inf,True,207,104,103,176.0,1.0,1.0,True,True,1,1,0,True,1,1,0,0,True,True,0,8,5,8,5,8,PF_LS_RP,fixed,,,False,0.2,0.25921571819841593,0.8,0.1,adaptive,bit_flip,offspring,feasible_start_adaptive_spacing,,,,feasible_start_adaptive_spacing,0.5,,True,auto_from_instance,0.75,0.35,"5,11,12,18,25","1,6,7,8",,,,,,"H[4,5,11,12,13,18,19,25]|V[1,6,7,8,13]",f03482f4c3e8943fd1d8a7356a54c2341286baac
proposed_nsga2_bs_AT_S_comercial_layout_AW_3_seed_101,proposed_nsga2_bs,AT_S_comercial_layout_AW_3,101,3,auto_from_instance,10,15,3,28,150,,,,,1,1,4,root > V:3 > BH:11 > BV:10 > BV:9,selected,1,0.8958333333333333,True,225,115,110,149.0,1.0,1.0,True,True,1,1,0,True,1,1,0,0,True,True,0,7,8,7,8,1,PF_LS_RP,fixed,,,False,0.26666666666666666,0.2342325288687534,0.7333333333333334,0.1,adaptive,bit_flip,offspring,feasible_start_adaptive_spacing,,,,feasible_start_adaptive_spacing,0.5,,True,auto_from_instance,0.75,0.35,"0,5,11,12,18,20,26","3,6,7,8,10,11,13",,,,,,"H[0,5,11,12,18,20,26]|V[3,6,7,8,9,10,11,13]",ae825089721f98e0d9805014401719023ff6a664
proposed_nsga2_bs_AT_S_comercial_layout_AW_3_seed_101,proposed_nsga2_bs,AT_S_comercial_layout_AW_3,101,3,auto_from_instance,10,15,3,28,150,,,,,2,1,4,root > V:3 > BH:11 > BV:9 > BV:9,selected,1,1.306547619047619,True,225,115,110,149.0,1.0,1.0,True,True,1,1,0,True,1,1,0,0,True,True,0,7,8,7,8,1,PF_LS_RP,fixed,,,False,0.26666666666666666,0.2342325288687534,0.7333333333333334,0.1,adaptive,bit_flip,offspring,feasible_start_adaptive_spacing,,,,feasible_start_adaptive_spacing,0.5,,True,auto_from_instance,0.75,0.35,"0,5,11,12,18,20,26","3,6,7,8,10,11,13",,,,,,"H[0,5,11,12,18,20,26]|V[3,6,7,8,9,10,11,13]",0a75f2b327085dc5778e0a33aad21dbd318e0a85
proposed_nsga2_bs_AT_S_comercial_layout_AW_3_seed_101,proposed_nsga2_bs,AT_S_comercial_layout_AW_3,101,3,auto_from_instance,10,15,3,28,150,,,,,3,1,4,root > V:3 > BH:11 > BV:9 > BV:13,evaluated,3,inf,False,225,93,132,226.0,1.0,1.0,True,True,1,1,0,True,1,1,0,0,True,True,0,7,8,7,8,1,PF_LS_RP,fixed,,,False,0.26666666666666666,0.2342325288687534,0.7333333333333334,0.1,adaptive,bit_flip,offspring,feasible_start_adaptive_spacing,,,,feasible_start_adaptive_spacing,0.5,,True,auto_from_instance,0.75,0.35,"0,5,11,12,18,20,26","3,6,7,8,10,11,13",,,,,,"H[0,5,11,12,18,20,26]|V[3,6,7,8,9,10,11,13]",3fc0967e8cf1acc9db002871d4c6fad00e132dd7
proposed_nsga2_bs_AT_S_comercial_layout_AW_3_seed_101,proposed_nsga2_bs,AT_S_comercial_layout_AW_3,101,3,auto_from_instance,10,15,3,28,150,,,,,4,2,5,root > V:9 > BH:15 > BH:19 > BH:12 > BH:3,selected,1,inf,True,228,105,123,119.0,1.0,1.0,True,True,1,1,0,True,1,1,0,0,True,True,0,8,3,8,3,2,PF_LS_RP,fixed,,,False,0.26666666666666666,0.30305250518943716,0.7333333333333334,0.1,adaptive,break_symmetry,offspring,feasible_start_adaptive_spacing,,,,feasible_start_adaptive_spacing,0.5,,True,auto_from_instance,0.75,0.35,"3,5,11,12,18,25","1,9,12",,,,,,"H[3,5,11,12,15,18,19,25]|V[1,9,12]",eb8f48412bdb7f859e1436bf5df1bc394e65b1cc
proposed_nsga2_bs_AT_S_comercial_layout_AW_3_seed_101,proposed_nsga2_bs,AT_S_comercial_layout_AW_3,101,3,auto_from_instance,10,15,3,28,150,,,,,5,2,5,root > V:9 > BH:15 > BH:18 > BH:12 > BH:3,selected,1,inf,True,228,105,123,119.0,1.0,1.0,True,True,1,1,0,True,1,1,0,0,True,True,0,7,3,7,3,2,PF_LS_RP,fixed,,,False,0.26666666666666666,0.30305250518943716,0.7333333333333334,0.1,adaptive,break_symmetry,offspring,feasible_start_adaptive_spacing,,,,feasible_start_adaptive_spacing,0.5,,True,auto_from_instance,0.75,0.35,"3,5,11,12,18,25","1,9,12",,,,,,"H[3,5,11,12,15,18,25]|V[1,9,12]",2419d620103f0d72682c565eeca0683a70f4bfab
proposed_nsga2_bs_AT_S_comercial_layout_AW_3_seed_101,proposed_nsga2_bs,AT_S_comercial_layout_AW_3,101,3,auto_from_instance,10,15,3,28,150,,,,,6,2,5,root > V:9 > BH:15 > BH:19 > BH:13 > BH:4,evaluated,2,inf,False,228,105,123,164.0,1.0,1.0,True,True,1,1,0,True,1,1,0,0,True,True,0,10,3,10,3,2,PF_LS_RP,fixed,,,False,0.26666666666666666,0.30305250518943716,0.7333333333333334,0.1,adaptive,break_symmetry,offspring,feasible_start_adaptive_spacing,,,,feasible_start_adaptive_spacing,0.5,,True,auto_from_instance,0.75,0.35,"3,5,11,12,18,25","1,9,12",,,,,,"H[3,4,5,11,12,13,15,18,19,25]|V[1,9,12]",b8566aa01e04dd630860ed39c7876089903ff2d3
proposed_nsga2_bs_AT_S_comercial_layout_AW_3_seed_101,proposed_nsga2_bs,AT_S_comercial_layout_AW_3,101,3,auto_from_instance,10,15,3,28,150,,,,,7,3,4,root > V:2 > BH:11 > BH:18 > BV:8,selected,0,inf,True,222,120,102,118.0,1.0,1.0,True,True,1,1,0,True,1,1,0,0,True,True,0,7,3,7,3,3,PF_LS_RP,fixed,,,False,0.26666666666666666,0.21755743156334983,0.7333333333333334,0.1,adaptive,remove_random_aisle,offspring,feasible_start_adaptive_spacing,,,,feasible_start_adaptive_spacing,0.5,,True,auto_from_instance,0.75,0.35,"0,2,5,11,12,18,27","2,3,8",,,,,,"H[0,2,5,11,12,18,27]|V[2,3,8]",c7821f85912c8e5c3b6ca7ddc3262e68ecac8a29
proposed_nsga2_bs_AT_S_comercial_layout_AW_3_seed_101,proposed_nsga2_bs,AT_S_comercial_layout_AW_3,101,3,auto_from_instance,10,15,3,28,150,,,,,8,3,4,root > V:2 > BH:11 > BV:9 > BV:8,selected,0,inf,True,222,120,102,118.0,1.0,1.0,True,True,1,1,0,True,1,1,0,0,True,True,0,7,4,7,4,3,PF_LS_RP,fixed,,,False,0.26666666666666666,0.21755743156334983,0.7333333333333334,0.1,adaptive,remove_random_aisle,offspring,feasible_start_adaptive_spacing,,,,feasible_start_adaptive_spacing,0.5,,True,auto_from_instance,0.75,0.35,"0,2,5,11,12,18,27","2,3,8",,,,,,"H[0,2,5,11,12,18,27]|V[2,3,8,9]",819b823d42066f1be4d37e503ecee22d07e5a6b0
proposed_nsga2_bs_AT_S_comercial_layout_AW_3_seed_101,proposed_nsga2_bs,AT_S_comercial_layout_AW_3,101,3,auto_from_instance,10,15,3,28,150,,,,,9,3,4,root > V:2 > BH:11 > BH:19 > BV:8,selected,1,inf,True,222,120,102,151.0,1.0,1.0,True,True,1,1,0,True,1,1,0,0,True,True,0,8,3,8,3,3,PF_LS_RP,fixed,,,False,0.26666666666666666,0.21755743156334983,0.7333333333333334,0.1,adaptive,remove_random_aisle,offspring,feasible_start_adaptive_spacing,,,,feasible_start_adaptive_spacing,0.5,,True,auto_from_instance,0.75,0.35,"0,2,5,11,12,18,27","2,3,8",,,,,,"H[0,2,5,11,12,18,19,27]|V[2,3,8]",8ba645c74da6577ac7820f92db785eac755acc05
proposed_nsga2_bs_AT_S_comercial_layout_AW_3_seed_101,proposed_nsga2_bs,AT_S_comercial_layout_AW_3,101,3,auto_from_instance,10,15,3,28,150,,,,,10,4,5,root > H:5 > BH:18 > BH:12 > BV:3 > BV:9,selected,0,inf,True,234,127,107,89.0,1.0,1.0,True,True,3,3,0,False,1,1,0,0,True,True,0,7,5,7,5,4,PF_LS_RP,fixed,,,False,0.26666666666666666,0.26588343277793997,0.7333333333333334,0.1,adaptive,break_symmetry,offspring,feasible_start_adaptive_spacing,,,,feasible_start_adaptive_spacing,0.5,,True,auto_from_instance,0.75,0.35,"0,5,11,19,26","3,9,10,11,13",,,,,,"H[0,5,11,12,18,19,26]|V[3,9,10,11,13]",02eb0b54c6dd00fb01351bf57377ea9aaccaed72
proposed_nsga2_bs_AT_S_comercial_layout_AW_3_seed_101,proposed_nsga2_bs,AT_S_comercial_layout_AW_3,101,3,auto_from_instance,10,15,3,28,150,,,,,11,9,6,root > V:7 > BH:11 > BH:19 > BH:12 > BH:3 > BV:13,selected,1,0.7976190476190477,True,207,104,103,141.0,1.0,1.0,True,True,1,1,0,True,1,1,0,0,True,True,0,9,4,9,4,9,PF_LS_RP,fixed,,,False,0.26666666666666666,0.2901767046006276,0.7333333333333334,0.1,adaptive,spacing_aware_flip,offspring,feasible_start_adaptive_spacing,,,,feasible_start_adaptive_spacing,0.5,,True,auto_from_instance,0.75,0.35,"0,5,8,11,12,18,26","6,7,8,13",,,,,,"H[0,3,5,8,11,12,18,19,26]|V[6,7,8,13]",9d3d21d36a6671b620f72af434eb1fd0be3a0f4e
proposed_nsga2_bs_AT_S_comercial_layout_AW_3_seed_101,proposed_nsga2_bs,AT_S_comercial_layout_AW_3,101,3,auto_from_instance,10,15,3,28,150,,,,,12,9,6,root > V:7 > BH:11 > BH:18 > BH:12 > BH:3 > BV:13,selected,1,inf,True,207,104,103,141.0,1.0,1.0,True,True,1,1,0,True,1,1,0,0,True,True,0,8,4,8,4,9,PF_LS_RP,fixed,,,False,0.26666666666666666,0.2901767046006276,0.7333333333333334,0.1,adaptive,spacing_aware_flip,offspring,feasible_start_adaptive_spacing,,,,feasible_start_adaptive_spacing,0.5,,True,auto_from_instance,0.75,0.35,"0,5,8,11,12,18,26","6,7,8,13",,,,,,"H[0,3,5,8,11,12,18,26]|V[6,7,8,13]",17566a936b0a83eaa90be3aca0f6ae7aafd53551
proposed_nsga2_bs_AT_S_comercial_layout_AW_3_seed_101,proposed_nsga2_bs,AT_S_comercial_layout_AW_3,101,3,auto_from_instance,10,15,3,28,150,,,,,13,9,6,root > V:7 > BH:11 > BH:19 > BH:13 > BH:4 > BV:13,evaluated,2,inf,False,207,104,103,176.0,1.0,1.0,True,True,1,1,0,True,1,1,0,0,True,True,0,10,4,10,4,9,PF_LS_RP,fixed,,,False,0.26666666666666666,0.2901767046006276,0.7333333333333334,0.1,adaptive,spacing_aware_flip,offspring,feasible_start_adaptive_spacing,,,,feasible_start_adaptive_spacing,0.5,,True,auto_from_instance,0.75,0.35,"0,5,8,11,12,18,26","6,7,8,13",,,,,,"H[0,4,5,8,11,12,13,18,19,26]|V[6,7,8,13]",f03482f4c3e8943fd1d8a7356a54c2341286baac
proposed_nsga2_bs_AT_S_comercial_layout_AW_3_seed_101,proposed_nsga2_bs,AT_S_comercial_layout_AW_3,101,4,auto_from_instance,10,15,3,28,150,,,,,1,1,4,root > V:2 > BH:11 > BH:18 > BV:8,selected,1,inf,True,222,120,102,118.0,1.0,1.0,True,True,1,1,0,True,1,1,0,0,True,True,0,7,5,7,5,1,PF_LS_RP,fixed,,,False,0.3333333333333333,0.32056526030363147,0.6666666666666667,0.1,adaptive,break_symmetry,offspring,feasible_start_adaptive_spacing,,,,feasible_start_adaptive_spacing,0.5,,True,auto_from_instance,0.75,0.35,"1,2,5,11,12,18,27","2,3,8,9,10",,,,,,"H[1,2,5,11,12,18,27]|V[2,3,8,9,10]",c7821f85912c8e5c3b6ca7ddc3262e68ecac8a29
proposed_nsga2_bs_AT_S_comercial_layout_AW_3_seed_101,proposed_nsga2_bs,AT_S_comercial_layout_AW_3,101,4,auto_from_instance,10,15,3,28,150,,,,,2,1,4,root > V:2 > BH:11 > BV:9 > BV:8,selected,1,inf,True,222,120,102,118.0,1.0,1.0,True,True,1,1,0,True,1,1,0,0,True,True,0,7,5,7,5,1,PF_LS_RP,fixed,,,False,0.3333333333333333,0.32056526030363147,0.6666666666666667,0.1,adaptive,break_symmetry,offspring,feasible_start_adaptive_spacing,,,,feasible_start_adaptive_spacing,0.5,,True,auto_from_instance,0.75,0.35,"1,2,5,11,12,18,27","2,3,8,9,10",,,,,,"H[1,2,5,11,12,18,27]|V[2,3,8,9,10]",819b823d42066f1be4d37e503ecee22d07e5a6b0
proposed_nsga2_bs_AT_S_comercial_layout_AW_3_seed_101,proposed_nsga2_bs,AT_S_comercial_layout_AW_3,101,4,auto_from_instance,10,15,3,28,150,,,,,3,1,4,root > V:2 > BH:11 > BH:19 > BV:8,selected,2,inf,True,222,120,102,151.0,1.0,1.0,True,True,1,1,0,True,1,1,0,0,True,True,0,8,5,8,5,1,PF_LS_RP,fixed,,,False,0.3333333333333333,0.32056526030363147,0.6666666666666667,0.1,adaptive,break_symmetry,offspring,feasible_start_adaptive_spacing,,,,feasible_start_adaptive_spacing,0.5,,True,auto_from_instance,0.75,0.35,"1,2,5,11,12,18,27","2,3,8,9,10",,,,,,"H[1,2,5,11,12,18,19,27]|V[2,3,8,9,10]",8ba645c74da6577ac7820f92db785eac755acc05
proposed_nsga2_bs_AT_S_comercial_layout_AW_3_seed_101,proposed_nsga2_bs,AT_S_comercial_layout_AW_3,101,4,auto_from_instance,10,15,3,28,150,,,,,4,2,5,root > H:5 > BH:18 > BH:12 > BV:3 > BV:9,selected,0,inf,True,234,127,107,89.0,1.0,1.0,True,True,3,3,0,False,1,1,0,0,True,True,0,7,5,7,5,2,PF_LS_RP,fixed,,,False,0.3333333333333333,0.3344822262805279,0.6666666666666667,0.1,adaptive,break_symmetry,offspring,feasible_start_adaptive_spacing,,,,feasible_start_adaptive_spacing,0.5,,True,auto_from_instance,0.75,0.35,"0,5,11,12,18,19,26","4,9,11,13",,,,,,"H[0,5,11,12,18,19,26]|V[3,4,9,11,13]",02eb0b54c6dd00fb01351bf57377ea9aaccaed72
proposed_nsga2_bs_AT_S_comercial_layout_AW_3_seed_101,proposed_nsga2_bs,AT_S_comercial_layout_AW_3,101,4,auto_from_instance,10,15,3,28,150,,,,,5,4,5,root > H:2 > BH:15 > BH:9 > BV:4 > BH:22,selected,0,inf,True,204,110,94,69.0,1.0,1.0,True,True,3,3,0,False,1,1,0,0,True,True,0,12,3,12,3,4,PF_LS_RP,fixed,,,False,0.3333333333333333,0.32040399097259875,0.6666666666666667,0.1,adaptive,insert_random_aisle,offspring,feasible_start_adaptive_spacing,,,,feasible_start_adaptive_spacing,0.5,,True,auto_from_instance,0.75,0.35,"0,2,5,11,12,18,19,26,27","3,8",,,,,,"H[0,2,5,9,11,12,15,18,19,22,26,27]|V[3,4,8]",11d3ebe88426626fb11b9066022940c913788a88
proposed_nsga2_bs_AT_S_comercial_layout_AW_3_seed_101,proposed_nsga2_bs,AT_S_comercial_layout_AW_3,101,4,auto_from_instance,10,15,3,28,150,,,,,6,5,4,root > V:3 > BH:11 > BV:10 > BV:9,selected,2,inf,True,225,115,110,149.0,1.0,1.0,True,True,1,1,0,True,1,1,0,0,True,True,0,7,7,7,7,5,PF_LS_RP,fixed,,,False,0.3333333333333333,0.3015062209103925,0.6666666666666667,0.1,adaptive,spacing_aware_flip,offspring,feasible_start_adaptive_spacing,,,,feasible_start_adaptive_spacing,0.5,,True,auto_from_instance,0.75,0.35,"0,5,11,12,15,18,26","3,7,8,9,10,11,13",,,,,,"H[0,5,11,12,15,18,26]|V[3,7,8,9,10,11,13]",ae825089721f98e0d9805014401719023ff6a664
proposed_nsga2_bs_AT_S_comercial_layout_AW_3_seed_101,proposed_nsga2_bs,AT_S_comercial_layout_AW_3,101,4,auto_from_instance,10,15,3,28,150,,,,,7,5,4,root > V:3 > BH:11 > BV:9 > BV:9,selected,2,inf,True,225,115,110,149.0,1.0,1.0,True,True,1,1,0,True,1,1,0,0,True,True,0,7,7,7,7,5,PF_LS_RP,fixed,,,False,0.3333333333333333,0.3015062209103925,0.6666666666666667,0.1,adaptive,spacing_aware_flip,offspring,feasible_start_adaptive_spacing,,,,feasible_start_adaptive_spacing,0.5,,True,auto_from_instance,0.75,0.35,"0,5,11,12,15,18,26","3,7,8,9,10,11,13",,,,,,"H[0,5,11,12,15,18,26]|V[3,7,8,9,10,11,13]",0a75f2b327085dc5778e0a33aad21dbd318e0a85
proposed_nsga2_bs_AT_S_comercial_layout_AW_3_seed_101,proposed_nsga2_bs,AT_S_comercial_layout_AW_3,101,4,auto_from_instance,10,15,3,28,150,,,,,8,5,4,root > V:3 > BH:11 > BV:9 > BV:13,selected,3,inf,True,225,93,132,226.0,1.0,1.0,True,True,1,1,0,True,1,1,0,0,True,True,0,7,7,7,7,5,PF_LS_RP,fixed,,,False,0.3333333333333333,0.3015062209103925,0.6666666666666667,0.1,adaptive,spacing_aware_flip,offspring,feasible_start_adaptive_spacing,,,,feasible_start_adaptive_spacing,0.5,,True,auto_from_instance,0.75,0.35,"0,5,11,12,15,18,26","3,7,8,9,10,11,13",,,,,,"H[0,5,11,12,15,18,26]|V[3,7,8,9,10,11,13]",3fc0967e8cf1acc9db002871d4c6fad00e132dd7
proposed_nsga2_bs_AT_S_comercial_layout_AW_3_seed_101,proposed_nsga2_bs,AT_S_comercial_layout_AW_3,101,4,auto_from_instance,10,15,3,28,150,,,,,9,7,4,root > H:3 > BH:16 > BH:10 > BH:22,selected,0,inf,True,216,120,96,112.0,1.0,1.0,True,True,4,4,0,False,1,1,0,0,True,True,0,11,2,11,2,7,PF_LS_RP,fixed,,,False,0.3333333333333333,0.3299416566176153,0.6666666666666667,0.1,adaptive,break_symmetry,offspring,feasible_start_adaptive_spacing,,,,feasible_start_adaptive_spacing,0.5,,True,auto_from_instance,0.75,0.35,"0,3,5,11,12,15,18,27","2,9",,,,,,"H[0,3,5,10,11,12,15,16,18,22,27]|V[2,9]",7e8869a25bbd594ea7bf8339e2c84bdde246ab51
proposed_nsga2_bs_AT_S_comercial_layout_AW_3_seed_101,proposed_nsga2_bs,AT_S_comercial_layout_AW_3,101,5,auto_from_instance,10,15,3,28,150,,,,,1,1,4,root > V:2 > BH:11 > BH:18 > BV:8,selected,1,inf,True,222,120,102,118.0,1.0,1.0,True,True,1,1,0,True,1,1,0,0,True,True,0,11,3,11,3,1,PF_LS_RP,fixed,,,False,0.4,0.42070530196551564,0.6,0.1,adaptive,bit_flip,offspring,feasible_start_adaptive_spacing,,,,feasible_start_adaptive_spacing,0.5,,True,auto_from_instance,0.75,0.35,"0,5,9,10,11,12,15,16,18,22,27","0,2,8",,,,,,"H[0,5,9,10,11,12,15,16,18,22,27]|V[0,2,8]",c7821f85912c8e5c3b6ca7ddc3262e68ecac8a29
proposed_nsga2_bs_AT_S_comercial_layout_AW_3_seed_101,proposed_nsga2_bs,AT_S_comercial_layout_AW_3,101,5,auto_from_instance,10,15,3,28,150,,,,,2,1,4,root > V:2 > BH:11 > BV:9 > BV:8,selected,1,inf,True,222,120,102,118.0,1.0,1.0,True,True,1,1,0,True,1,1,0,0,True,True,0,11,4,11,4,1,PF_LS_RP,fixed,,,False,0.4,0.42070530196551564,0.6,0.1,adaptive,bit_flip,offspring,feasible_start_adaptive_spacing,,,,feasible_start_adaptive_spacing,0.5,,True,auto_from_instance,0.75,0.35,"0,5,9,10,11,12,15,16,18,22,27","0,2,8",,,,,,"H[0,5,9,10,11,12,15,16,18,22,27]|V[0,2,8,9]",819b823d42066f1be4d37e503ecee22d07e5a6b0
proposed_nsga2_bs_AT_S_comercial_layout_AW_3_seed_101,proposed_nsga2_bs,AT_S_comercial_layout_AW_3,101,5,auto_from_instance,10,15,3,28,150,,,,,3,1,4,root > V:2 > BH:11 > BH:19 > BV:8,selected,2,inf,True,222,120,102,151.0,1.0,1.0,True,True,1,1,0,True,1,1,0,0,True,True,0,12,3,12,3,1,PF_LS_RP,fixed,,,False,0.4,0.42070530196551564,0.6,0.1,adaptive,bit_flip,offspring,feasible_start_adaptive_spacing,,,,feasible_start_adaptive_spacing,0.5,,True,auto_from_instance,0.75,0.35,"0,5,9,10,11,12,15,16,18,22,27","0,2,8",,,,,,"H[0,5,9,10,11,12,15,16,18,19,22,27]|V[0,2,8]",8ba645c74da6577ac7820f92db785eac755acc05
proposed_nsga2_bs_AT_S_comercial_layout_AW_3_seed_101,proposed_nsga2_bs,AT_S_comercial_layout_AW_3,101,5,auto_from_instance,10,15,3,28,150,,,,,4,2,4,root > V:3 > BH:11 > BV:10 > BV:9,selected,2,inf,True,225,115,110,149.0,1.0,1.0,True,True,1,1,0,True,1,1,0,0,True,True,0,12,5,12,5,2,PF_LS_RP,fixed,,,False,0.4,0.42359427419341905,0.6,0.1,adaptive,bit_flip,offspring,feasible_start_adaptive_spacing,,,,feasible_start_adaptive_spacing,0.5,,True,auto_from_instance,0.75,0.35,"0,2,3,5,11,12,15,18,19,22,26,27","0,3,4,9",,,,,,"H[0,2,3,5,11,12,15,18,19,22,26,27]|V[0,3,4,9,10]",ae825089721f98e0d9805014401719023ff6a664
proposed_nsga2_bs_AT_S_comercial_layout_AW_3_seed_101,proposed_nsga2_bs,AT_S_comercial_layout_AW_3,101,5,auto_from_instance,10,15,3,28,150,,,,,5,2,4,root > V:3 > BH:11 > BV:9 > BV:9,selected,2,inf,True,225,115,110,149.0,1.0,1.0,True,True,1,1,0,True,1,1,0,0,True,True,0,12,4,12,4,2,PF_LS_RP,fixed,,,False,0.4,0.42359427419341905,0.6,0.1,adaptive,bit_flip,offspring,feasible_start_adaptive_spacing,,,,feasible_start_adaptive_spacing,0.5,,True,auto_from_instance,0.75,0.35,"0,2,3,5,11,12,15,18,19,22,26,27","0,3,4,9",,,,,,"H[0,2,3,5,11,12,15,18,19,22,26,27]|V[0,3,4,9]",0a75f2b327085dc5778e0a33aad21dbd318e0a85
proposed_nsga2_bs_AT_S_comercial_layout_AW_3_seed_101,proposed_nsga2_bs,AT_S_comercial_layout_AW_3,101,5,auto_from_instance,10,15,3,28,150,,,,,6,5,4,root > V:3 > BH:11 > BV:9 > BV:13,selected,3,inf,True,225,93,132,226.0,1.0,1.0,True,True,1,1,0,True,1,1,0,0,True,True,0,10,7,10,7,5,PF_LS_RP,fixed,,,False,0.4,0.41002713529050916,0.6,0.1,adaptive,remove_random_aisle,offspring,feasible_start_adaptive_spacing,,,,feasible_start_adaptive_spacing,0.5,,True,auto_from_instance,0.75,0.35,"0,5,11,12,15,18,19,22,26,27","3,7,8,9,10,11",,,,,,"H[0,5,11,12,15,18,19,22,26,27]|V[3,7,8,9,10,11,13]",3fc0967e8cf1acc9db002871d4c6fad00e132dd7
proposed_nsga2_bs_AT_S_comercial_layout_AW_3_seed_101,proposed_nsga2_bs,AT_S_comercial_layout_AW_3,101,5,auto_from_instance,10,15,3,28,150,,,,,7,8,4,root > H:3 > BH:16 > BH:10 > BH:22,selected,0,inf,True,216,120,96,112.0,1.0,1.0,True,True,4,4,0,False,1,1,0,0,True,True,0,10,2,10,2,8,PF_LS_RP,fixed,,,False,0.4,0.4753344659308624,0.6,0.1,adaptive,remove_random_aisle,offspring,feasible_start_adaptive_spacing,,,,feasible_start_adaptive_spacing,0.5,,True,auto_from_instance,0.75,0.35,"0,3,5,11,12,19,27","2,9",,,,,,"H[0,3,5,10,11,12,16,19,22,27]|V[2,9]",7e8869a25bbd594ea7bf8339e2c84bdde246ab51
proposed_nsga2_bs_AT_S_comercial_layout_AW_3_seed_101,proposed_nsga2_bs,AT_S_comercial_layout_AW_3,101,6,auto_from_instance,10,15,3,28,150,,,,,1,1,4,root > V:2 > BH:11 > BH:18 > BV:8,selected,1,inf,True,222,120,102,118.0,1.0,1.0,True,True,1,1,0,True,1,1,0,0,True,True,0,12,5,12,5,1,PF_LS_RP,fixed,,,False,0.4666666666666667,0.4553842932162358,0.5333333333333333,0.1,adaptive,spacing_aware_flip,offspring,feasible_start_adaptive_spacing,,,,feasible_start_adaptive_spacing,0.5,,True,auto_from_instance,0.75,0.35,"0,5,9,10,11,12,15,16,18,19,22,27","0,2,8,9,13",,,,,,"H[0,5,9,10,11,12,15,16,18,19,22,27]|V[0,2,8,9,13]",c7821f85912c8e5c3b6ca7ddc3262e68ecac8a29
proposed_nsga2_bs_AT_S_comercial_layout_AW_3_seed_101,proposed_nsga2_bs,AT_S_comercial_layout_AW_3,101,6,auto_from_instance,10,15,3,28,150,,,,,2,1,4,root > V:2 > BH:11 > BV:9 > BV:8,selected,1,inf,True,222,120,102,118.0,1.0,1.0,True,True,1,1,0,True,1,1,0,0,True,True,0,12,5,12,5,1,PF_LS_RP,fixed,,,False,0.4666666666666667,0.4553842932162358,0.5333333333333333,0.1,adaptive,spacing_aware_flip,offspring,feasible_start_adaptive_spacing,,,,feasible_start_adaptive_spacing,0.5,,True,auto_from_instance,0.75,0.35,"0,5,9,10,11,12,15,16,18,19,22,27","0,2,8,9,13",,,,,,"H[0,5,9,10,11,12,15,16,18,19,22,27]|V[0,2,8,9,13]",819b823d42066f1be4d37e503ecee22d07e5a6b0
proposed_nsga2_bs_AT_S_comercial_layout_AW_3_seed_101,proposed_nsga2_bs,AT_S_comercial_layout_AW_3,101,6,auto_from_instance,10,15,3,28,150,,,,,3,1,4,root > V:2 > BH:11 > BH:19 > BV:8,selected,2,inf,True,222,120,102,151.0,1.0,1.0,True,True,1,1,0,True,1,1,0,0,True,True,0,12,5,12,5,1,PF_LS_RP,fixed,,,False,0.4666666666666667,0.4553842932162358,0.5333333333333333,0.1,adaptive,spacing_aware_flip,offspring,feasible_start_adaptive_spacing,,,,feasible_start_adaptive_spacing,0.5,,True,auto_from_instance,0.75,0.35,"0,5,9,10,11,12,15,16,18,19,22,27","0,2,8,9,13",,,,,,"H[0,5,9,10,11,12,15,16,18,19,22,27]|V[0,2,8,9,13]",8ba645c74da6577ac7820f92db785eac755acc05
proposed_nsga2_bs_AT_S_comercial_layout_AW_3_seed_101,proposed_nsga2_bs,AT_S_comercial_layout_AW_3,101,6,auto_from_instance,10,15,3,28,150,,,,,4,5,4,root > H:3 > BH:16 > BH:10 > BH:22,selected,0,inf,True,216,120,96,112.0,1.0,1.0,True,True,4,4,0,False,1,1,0,0,True,True,0,11,3,11,3,5,PF_LS_RP,fixed,,,False,0.4666666666666667,0.5177980910837257,0.5333333333333333,0.1,adaptive,spacing_aware_flip,offspring,feasible_start_adaptive_spacing,,,,feasible_start_adaptive_spacing,0.5,,True,auto_from_instance,0.75,0.35,"0,3,5,10,11,12,15,16,18,22,27","2,9,17",,,,,,"H[0,3,5,10,11,12,15,16,18,22,27]|V[2,9,17]",7e8869a25bbd594ea7bf8339e2c84bdde246ab51
proposed_nsga2_bs_AT_S_comercial_layout_AW_3_seed_101,proposed_nsga2_bs,AT_S_comercial_layout_AW_3,101,6,auto_from_instance,10,15,3,28,150,,,,,5,8,5,root > H:2 > BH:15 > BH:9 > BV:4 > BH:22,selected,0,inf,True,204,110,94,69.0,1.0,1.0,True,True,3,3,0,False,1,1,0,0,True,True,0,12,4,12,4,8,PF_LS_RP,fixed,,,False,0.4666666666666667,0.5011665869082265,0.5333333333333333,0.1,adaptive,bit_flip,offspring,feasible_start_adaptive_spacing,,,,feasible_start_adaptive_spacing,0.5,,True,auto_from_instance,0.75,0.35,"0,2,5,11,12,15,18,19,22,26,27","0,9,10",,,,,,"H[0,2,5,9,11,12,15,18,19,22,26,27]|V[0,4,9,10]",11d3ebe88426626fb11b9066022940c913788a88
proposed_nsga2_bs_AT_S_comercial_layout_AW_3_seed_101,proposed_nsga2_bs,AT_S_comercial_layout_AW_3,101,7,auto_from_instance,10,15,3,28,150,,,,,1,1,3,root > V:4 > BH:11 > BV:10,selected,5,inf,True,261,102,159,439.0,1.0,1.0,True,True,1,1,0,True,1,1,0,0,True,True,0,13,5,13,5,1,PF_LS_RP,fixed,,,False,0.5333333333333333,0.5565482286195707,0.4666666666666667,0.1,adaptive,insert_random_aisle,offspring,feasible_start_adaptive_spacing,,,,feasible_start_adaptive_spacing,0.5,,True,auto_from_instance,0.75,0.35,"0,2,5,10,11,12,15,18,19,21,22,26,27","0,4,9,10,17",,,,,,"H[0,2,5,10,11,12,15,18,19,21,22,26,27]|V[0,4,9,10,17]",9f743de52d693602543418d64e2fc4d7c070588d
proposed_nsga2_bs_AT_S_comercial_layout_AW_3_seed_101,proposed_nsga2_bs,AT_S_comercial_layout_AW_3,101,7,auto_from_instance,10,15,3,28,150,,,,,2,1,3,root > V:0 > BH:11 > BH:18,selected,5,inf,True,243,85,158,367.0,1.0,1.0,True,True,1,1,0,True,1,1,0,0,True,True,0,13,5,13,5,1,PF_LS_RP,fixed,,,False,0.5333333333333333,0.5565482286195707,0.4666666666666667,0.1,adaptive,insert_random_aisle,offspring,feasible_start_adaptive_spacing,,,,feasible_start_adaptive_spacing,0.5,,True,auto_from_instance,0.75,0.35,"0,2,5,10,11,12,15,18,19,21,22,26,27","0,4,9,10,17",,,,,,"H[0,2,5,10,11,12,15,18,19,21,22,26,27]|V[0,4,9,10,17]",a06173efc61694b475ed0bb967fdbf0bc28bf0a8
proposed_nsga2_bs_AT_S_comercial_layout_AW_3_seed_101,proposed_nsga2_bs,AT_S_comercial_layout_AW_3,101,7,auto_from_instance,10,15,3,28,150,,,,,3,1,3,root > V:0 > BH:11 > BH:19,evaluated,6,inf,False,243,85,158,406.0,1.0,1.0,True,True,1,1,0,True,1,1,0,0,True,True,0,13,5,13,5,1,PF_LS_RP,fixed,,,False,0.5333333333333333,0.5565482286195707,0.4666666666666667,0.1,adaptive,insert_random_aisle,offspring,feasible_start_adaptive_spacing,,,,feasible_start_adaptive_spacing,0.5,,True,auto_from_instance,0.75,0.35,"0,2,5,10,11,12,15,18,19,21,22,26,27","0,4,9,10,17",,,,,,"H[0,2,5,10,11,12,15,18,19,21,22,26,27]|V[0,4,9,10,17]",c6dfc27680cf9ab70f12f2c8285c75455967f8c9
proposed_nsga2_bs_AT_S_comercial_layout_AW_3_seed_101,proposed_nsga2_bs,AT_S_comercial_layout_AW_3,101,7,auto_from_instance,10,15,3,28,150,,,,,4,2,4,root > H:3 > BH:16 > BH:10 > BH:22,selected,0,inf,True,216,120,96,112.0,1.0,1.0,True,True,4,4,0,False,1,1,0,0,True,True,0,12,3,12,3,2,PF_LS_RP,fixed,,,False,0.5333333333333333,0.5721357352076388,0.4666666666666667,0.1,adaptive,spacing_aware_flip,offspring,feasible_start_adaptive_spacing,,,,feasible_start_adaptive_spacing,0.5,,True,auto_from_instance,0.75,0.35,"0,3,5,9,11,12,15,16,18,22,27","2,9,20",,,,,,"H[0,3,5,9,10,11,12,15,16,18,22,27]|V[2,9,20]",7e8869a25bbd594ea7bf8339e2c84bdde246ab51
proposed_nsga2_bs_AT_S_comercial_layout_AW_3_seed_101,proposed_nsga2_bs,AT_S_comercial_layout_AW_3,101,7,auto_from_instance,10,15,3,28,150,,,,,5,3,5,root > H:2 > BH:15 > BH:9 > BV:4 > BH:22,selected,0,inf,True,204,110,94,69.0,1.0,1.0,True,True,3,3,0,False,1,1,0,0,True,True,0,15,4,15,4,3,PF_LS_RP,fixed,,,False,0.5333333333333333,0.5250814367183995,0.4666666666666667,0.1,adaptive,insert_random_aisle,offspring,feasible_start_adaptive_spacing,,,,feasible_start_adaptive_spacing,0.5,,True,auto_from_instance,0.75,0.35,"0,2,3,5,10,11,12,15,16,18,21,22,26,27","0,9,17",,,,,,"H[0,2,3,5,9,10,11,12,15,16,18,21,22,26,27]|V[0,4,9,17]",11d3ebe88426626fb11b9066022940c913788a88
proposed_nsga2_bs_AT_S_comercial_layout_AW_3_seed_101,proposed_nsga2_bs,AT_S_comercial_layout_AW_3,101,7,auto_from_instance,10,15,3,28,150,,,,,6,4,4,root > V:2 > BH:11 > BH:18 > BV:8,selected,1,inf,True,222,120,102,118.0,1.0,1.0,True,True,1,1,0,True,1,1,0,0,True,True,0,11,5,11,5,4,PF_LS_RP,fixed,,,False,0.5333333333333333,0.5095455276204782,0.4666666666666667,0.1,adaptive,bit_flip,offspring,feasible_start_adaptive_spacing,,,,feasible_start_adaptive_spacing,0.5,,True,auto_from_instance,0.75,0.35,"0,5,6,9,11,12,15,18,19,22,27","2,4,9,10",,,,,,"H[0,5,6,9,11,12,15,18,19,22,27]|V[2,4,8,9,10]",c7821f85912c8e5c3b6ca7ddc3262e68ecac8a29
proposed_nsga2_bs_AT_S_comercial_layout_AW_3_seed_101,proposed_nsga2_bs,AT_S_comercial_layout_AW_3,101,7,auto_from_instance,10,15,3,28,150,,,,,7,4,4,root > V:2 > BH:11 > BV:9 > BV:8,selected,1,inf,True,222,120,102,118.0,1.0,1.0,True,True,1,1,0,True,1,1,0,0,True,True,0,11,5,11,5,4,PF_LS_RP,fixed,,,False,0.5333333333333333,0.5095455276204782,0.4666666666666667,0.1,adaptive,bit_flip,offspring,feasible_start_adaptive_spacing,,,,feasible_start_adaptive_spacing,0.5,,True,auto_from_instance,0.75,0.35,"0,5,6,9,11,12,15,18,19,22,27","2,4,9,10",,,,,,"H[0,5,6,9,11,12,15,18,19,22,27]|V[2,4,8,9,10]",819b823d42066f1be4d37e503ecee22d07e5a6b0
proposed_nsga2_bs_AT_S_comercial_layout_AW_3_seed_101,proposed_nsga2_bs,AT_S_comercial_layout_AW_3,101,7,auto_from_instance,10,15,3,28,150,,,,,8,4,4,root > V:2 > BH:11 > BH:19 > BV:8,selected,2,inf,True,222,120,102,151.0,1.0,1.0,True,True,1,1,0,True,1,1,0,0,True,True,0,11,5,11,5,4,PF_LS_RP,fixed,,,False,0.5333333333333333,0.5095455276204782,0.4666666666666667,0.1,adaptive,bit_flip,offspring,feasible_start_adaptive_spacing,,,,feasible_start_adaptive_spacing,0.5,,True,auto_from_instance,0.75,0.35,"0,5,6,9,11,12,15,18,19,22,27","2,4,9,10",,,,,,"H[0,5,6,9,11,12,15,18,19,22,27]|V[2,4,8,9,10]",8ba645c74da6577ac7820f92db785eac755acc05
proposed_nsga2_bs_AT_S_comercial_layout_AW_3_seed_101,proposed_nsga2_bs,AT_S_comercial_layout_AW_3,101,7,auto_from_instance,10,15,3,28,150,,,,,9,6,5,root > V:8 > BH:11 > BH:19 > BH:12 > BH:3,selected,3,inf,True,234,107,127,184.0,1.0,1.0,True,True,1,1,0,True,1,1,0,0,True,True,0,14,5,14,5,6,PF_LS_RP,fixed,,,False,0.5333333333333333,0.6646487136326176,0.4666666666666667,0.1,adaptive,bit_flip,offspring,feasible_start_adaptive_spacing,,,,feasible_start_adaptive_spacing,0.5,,True,auto_from_instance,0.75,0.35,"0,2,5,9,11,12,15,16,18,19,20,22,27","0,4,8,9,13",,,,,,"H[0,2,3,5,9,11,12,15,16,18,19,20,22,27]|V[0,4,8,9,13]",b4d3081b418ee664c2e14f6da6fe945949d53470
proposed_nsga2_bs_AT_S_comercial_layout_AW_3_seed_101,proposed_nsga2_bs,AT_S_comercial_layout_AW_3,101,7,auto_from_instance,10,15,3,28,150,,,,,10,6,5,root > V:8 > BH:11 > BH:18 > BH:12 > BH:3,selected,3,inf,True,234,107,127,184.0,1.0,1.0,True,True,1,1,0,True,1,1,0,0,True,True,0,14,5,14,5,6,PF_LS_RP,fixed,,,False,0.5333333333333333,0.6646487136326176,0.4666666666666667,0.1,adaptive,bit_flip,offspring,feasible_start_adaptive_spacing,,,,feasible_start_adaptive_spacing,0.5,,True,auto_from_instance,0.75,0.35,"0,2,5,9,11,12,15,16,18,19,20,22,27","0,4,8,9,13",,,,,,"H[0,2,3,5,9,11,12,15,16,18,19,20,22,27]|V[0,4,8,9,13]",f58db195176e0328e738ab30fdd0d22f3c15ba93
proposed_nsga2_bs_AT_S_comercial_layout_AW_3_seed_101,proposed_nsga2_bs,AT_S_comercial_layout_AW_3,101,7,auto_from_instance,10,15,3,28,150,,,,,11,6,5,root > V:8 > BH:11 > BH:19 > BH:13 > BH:4,selected,4,inf,True,234,107,127,224.0,1.0,1.0,True,True,1,1,0,True,1,1,0,0,True,True,0,15,5,15,5,6,PF_LS_RP,fixed,,,False,0.5333333333333333,0.6646487136326176,0.4666666666666667,0.1,adaptive,bit_flip,offspring,feasible_start_adaptive_spacing,,,,feasible_start_adaptive_spacing,0.5,,True,auto_from_instance,0.75,0.35,"0,2,5,9,11,12,15,16,18,19,20,22,27","0,4,8,9,13",,,,,,"H[0,2,4,5,9,11,12,13,15,16,18,19,20,22,27]|V[0,4,8,9,13]",c1143b846bdf559c06a887439567b47b3f22e2ec
proposed_nsga2_bs_AT_S_comercial_layout_AW_3_seed_101,proposed_nsga2_bs,AT_S_comercial_layout_AW_3,101,8,auto_from_instance,10,15,3,28,150,,,,,1,1,4,root > V:2 > BH:11 > BH:18 > BV:8,selected,0,inf,True,222,120,102,118.0,1.0,1.0,True,True,1,1,0,True,1,1,0,0,True,True,0,13,6,13,6,1,PF_LS_RP,fixed,,,False,0.6,0.5685697834539327,0.4,0.1,adaptive,spacing_aware_flip,offspring,feasible_start_adaptive_spacing,,,,feasible_start_adaptive_spacing,0.5,,True,auto_from_instance,0.75,0.35,"0,5,6,9,10,11,12,15,16,18,21,22,27","2,4,9,13,17",,,,,,"H[0,5,6,9,10,11,12,15,16,18,21,22,27]|V[2,4,8,9,13,17]",c7821f85912c8e5c3b6ca7ddc3262e68ecac8a29
proposed_nsga2_bs_AT_S_comercial_layout_AW_3_seed_101,proposed_nsga2_bs,AT_S_comercial_layout_AW_3,101,8,auto_from_instance,10,15,3,28,150,,,,,2,1,4,root > V:2 > BH:11 > BV:9 > BV:8,selected,0,inf,True,222,120,102,118.0,1.0,1.0,True,True,1,1,0,True,1,1,0,0,True,True,0,13,6,13,6,1,PF_LS_RP,fixed,,,False,0.6,0.5685697834539327,0.4,0.1,adaptive,spacing_aware_flip,offspring,feasible_start_adaptive_spacing,,,,feasible_start_adaptive_spacing,0.5,,True,auto_from_instance,0.75,0.35,"0,5,6,9,10,11,12,15,16,18,21,22,27","2,4,9,13,17",,,,,,"H[0,5,6,9,10,11,12,15,16,18,21,22,27]|V[2,4,8,9,13,17]",819b823d42066f1be4d37e503ecee22d07e5a6b0
proposed_nsga2_bs_AT_S_comercial_layout_AW_3_seed_101,proposed_nsga2_bs,AT_S_comercial_layout_AW_3,101,8,auto_from_instance,10,15,3,28,150,,,,,3,1,4,root > V:2 > BH:11 > BH:19 > BV:8,selected,1,inf,True,222,120,102,151.0,1.0,1.0,True,True,1,1,0,True,1,1,0,0,True,True,0,14,6,14,6,1,PF_LS_RP,fixed,,,False,0.6,0.5685697834539327,0.4,0.1,adaptive,spacing_aware_flip,offspring,feasible_start_adaptive_spacing,,,,feasible_start_adaptive_spacing,0.5,,True,auto_from_instance,0.75,0.35,"0,5,6,9,10,11,12,15,16,18,21,22,27","2,4,9,13,17",,,,,,"H[0,5,6,9,10,11,12,15,16,18,19,21,22,27]|V[2,4,8,9,13,17]",8ba645c74da6577ac7820f92db785eac755acc05
proposed_nsga2_bs_AT_S_comercial_layout_AW_3_seed_101,proposed_nsga2_bs,AT_S_comercial_layout_AW_3,101,8,auto_from_instance,10,15,3,28,150,,,,,4,2,5,root > H:2 > BH:15 > BH:9 > BV:4 > BH:22,selected,0,inf,True,204,110,94,69.0,1.0,1.0,True,True,3,3,0,False,1,1,0,0,True,True,0,13,5,13,5,2,PF_LS_RP,fixed,,,False,0.6,0.5908399639320778,0.4,0.1,adaptive,swap_segments,offspring,feasible_start_adaptive_spacing,,,,feasible_start_adaptive_spacing,0.5,,True,auto_from_instance,0.75,0.35,"0,2,3,5,9,11,12,15,18,19,22,26,27","0,4,17,18,19",,,,,,"H[0,2,3,5,9,11,12,15,18,19,22,26,27]|V[0,4,17,18,19]",11d3ebe88426626fb11b9066022940c913788a88
proposed_nsga2_bs_AT_S_comercial_layout_AW_3_seed_101,proposed_nsga2_bs,AT_S_comercial_layout_AW_3,101,8,auto_from_instance,10,15,3,28,150,,,,,5,5,3,root > V:4 > BH:11 > BV:10,selected,4,inf,True,261,102,159,439.0,1.0,1.0,True,True,1,1,0,True,1,1,0,0,True,True,0,14,5,14,5,5,PF_LS_RP,fixed,,,False,0.6,0.6662204219625042,0.4,0.1,adaptive,break_symmetry,offspring,feasible_start_adaptive_spacing,,,,feasible_start_adaptive_spacing,0.5,,True,auto_from_instance,0.75,0.35,"0,2,3,5,9,10,11,12,15,16,18,21,22,27","0,4,9,18",,,,,,"H[0,2,3,5,9,10,11,12,15,16,18,21,22,27]|V[0,4,9,10,18]",9f743de52d693602543418d64e2fc4d7c070588d
proposed_nsga2_bs_AT_S_comercial_layout_AW_3_seed_101,proposed_nsga2_bs,AT_S_comercial_layout_AW_3,101,8,auto_from_instance,10,15,3,28,150,,,,,6,5,3,root > V:0 > BH:11 > BH:18,selected,4,inf,True,243,85,158,367.0,1.0,1.0,True,True,1,1,0,True,1,1,0,0,True,True,0,14,4,14,4,5,PF_LS_RP,fixed,,,False,0.6,0.6662204219625042,0.4,0.1,adaptive,break_symmetry,offspring,feasible_start_adaptive_spacing,,,,feasible_start_adaptive_spacing,0.5,,True,auto_from_instance,0.75,0.35,"0,2,3,5,9,10,11,12,15,16,18,21,22,27","0,4,9,18",,,,,,"H[0,2,3,5,9,10,11,12,15,16,18,21,22,27]|V[0,4,9,18]",a06173efc61694b475ed0bb967fdbf0bc28bf0a8
proposed_nsga2_bs_AT_S_comercial_layout_AW_3_seed_101,proposed_nsga2_bs,AT_S_comercial_layout_AW_3,101,8,auto_from_instance,10,15,3,28,150,,,,,7,5,3,root > V:0 > BH:11 > BH:19,selected,5,inf,True,243,85,158,406.0,1.0,1.0,True,True,1,1,0,True,1,1,0,0,True,True,0,15,4,15,4,5,PF_LS_RP,fixed,,,False,0.6,0.6662204219625042,0.4,0.1,adaptive,break_symmetry,offspring,feasible_start_adaptive_spacing,,,,feasible_start_adaptive_spacing,0.5,,True,auto_from_instance,0.75,0.35,"0,2,3,5,9,10,11,12,15,16,18,21,22,27","0,4,9,18",,,,,,"H[0,2,3,5,9,10,11,12,15,16,18,19,21,22,27]|V[0,4,9,18]",c6dfc27680cf9ab70f12f2c8285c75455967f8c9
proposed_nsga2_bs_AT_S_comercial_layout_AW_3_seed_101,proposed_nsga2_bs,AT_S_comercial_layout_AW_3,101,8,auto_from_instance,10,15,3,28,150,,,,,8,6,5,root > V:8 > BH:11 > BH:19 > BH:12 > BH:3,selected,2,inf,True,234,107,127,184.0,1.0,1.0,True,True,1,1,0,True,1,1,0,0,True,True,0,16,5,16,5,6,PF_LS_RP,fixed,,,False,0.6,0.7363712968329924,0.4,0.1,adaptive,insert_random_aisle,offspring,feasible_start_adaptive_spacing,,,,feasible_start_adaptive_spacing,0.5,,True,auto_from_instance,0.75,0.35,"0,2,3,5,9,11,12,15,16,17,18,19,20,22,26,27","0,4,8,9,13",,,,,,"H[0,2,3,5,9,11,12,15,16,17,18,19,20,22,26,27]|V[0,4,8,9,13]",b4d3081b418ee664c2e14f6da6fe945949d53470
proposed_nsga2_bs_AT_S_comercial_layout_AW_3_seed_101,proposed_nsga2_bs,AT_S_comercial_layout_AW_3,101,8,auto_from_instance,10,15,3,28,150,,,,,9,6,5,root > V:8 > BH:11 > BH:18 > BH:12 > BH:3,selected,2,inf,True,234,107,127,184.0,1.0,1.0,True,True,1,1,0,True,1,1,0,0,True,True,0,16,5,16,5,6,PF_LS_RP,fixed,,,False,0.6,0.7363712968329924,0.4,0.1,adaptive,insert_random_aisle,offspring,feasible_start_adaptive_spacing,,,,feasible_start_adaptive_spacing,0.5,,True,auto_from_instance,0.75,0.35,"0,2,3,5,9,11,12,15,16,17,18,19,20,22,26,27","0,4,8,9,13",,,,,,"H[0,2,3,5,9,11,12,15,16,17,18,19,20,22,26,27]|V[0,4,8,9,13]",f58db195176e0328e738ab30fdd0d22f3c15ba93
proposed_nsga2_bs_AT_S_comercial_layout_AW_3_seed_101,proposed_nsga2_bs,AT_S_comercial_layout_AW_3,101,8,auto_from_instance,10,15,3,28,150,,,,,10,6,5,root > V:8 > BH:11 > BH:19 > BH:13 > BH:4,selected,3,inf,True,234,107,127,224.0,1.0,1.0,True,True,1,1,0,True,1,1,0,0,True,True,0,18,5,18,5,6,PF_LS_RP,fixed,,,False,0.6,0.7363712968329924,0.4,0.1,adaptive,insert_random_aisle,offspring,feasible_start_adaptive_spacing,,,,feasible_start_adaptive_spacing,0.5,,True,auto_from_instance,0.75,0.35,"0,2,3,5,9,11,12,15,16,17,18,19,20,22,26,27","0,4,8,9,13",,,,,,"H[0,2,3,4,5,9,11,12,13,15,16,17,18,19,20,22,26,27]|V[0,4,8,9,13]",c1143b846bdf559c06a887439567b47b3f22e2ec
proposed_nsga2_bs_AT_S_comercial_layout_AW_3_seed_101,proposed_nsga2_bs,AT_S_comercial_layout_AW_3,101,9,auto_from_instance,10,15,3,28,150,,,,,1,1,4,root > V:2 > BH:11 > BH:18 > BV:8,selected,0,inf,True,222,120,102,118.0,1.0,1.0,True,True,1,1,0,True,1,1,0,0,True,True,0,14,7,14,7,1,PF_LS_RP,fixed,,,False,0.6666666666666666,0.7046531223849899,0.33333333333333337,0.1,adaptive,bit_flip,offspring,feasible_start_adaptive_spacing,,,,feasible_start_adaptive_spacing,0.5,,True,auto_from_instance,0.75,0.35,"0,5,6,9,10,11,12,15,16,18,19,21,22,27","2,4,5,8,9,13,17",,,,,,"H[0,5,6,9,10,11,12,15,16,18,19,21,22,27]|V[2,4,5,8,9,13,17]",c7821f85912c8e5c3b6ca7ddc3262e68ecac8a29
proposed_nsga2_bs_AT_S_comercial_layout_AW_3_seed_101,proposed_nsga2_bs,AT_S_comercial_layout_AW_3,101,9,auto_from_instance,10,15,3,28,150,,,,,2,1,4,root > V:2 > BH:11 > BV:9 > BV:8,selected,0,inf,True,222,120,102,118.0,1.0,1.0,True,True,1,1,0,True,1,1,0,0,True,True,0,14,7,14,7,1,PF_LS_RP,fixed,,,False,0.6666666666666666,0.7046531223849899,0.33333333333333337,0.1,adaptive,bit_flip,offspring,feasible_start_adaptive_spacing,,,,feasible_start_adaptive_spacing,0.5,,True,auto_from_instance,0.75,0.35,"0,5,6,9,10,11,12,15,16,18,19,21,22,27","2,4,5,8,9,13,17",,,,,,"H[0,5,6,9,10,11,12,15,16,18,19,21,22,27]|V[2,4,5,8,9,13,17]",819b823d42066f1be4d37e503ecee22d07e5a6b0
proposed_nsga2_bs_AT_S_comercial_layout_AW_3_seed_101,proposed_nsga2_bs,AT_S_comercial_layout_AW_3,101,9,auto_from_instance,10,15,3,28,150,,,,,3,1,4,root > V:2 > BH:11 > BH:19 > BV:8,selected,1,inf,True,222,120,102,151.0,1.0,1.0,True,True,1,1,0,True,1,1,0,0,True,True,0,14,7,14,7,1,PF_LS_RP,fixed,,,False,0.6666666666666666,0.7046531223849899,0.33333333333333337,0.1,adaptive,bit_flip,offspring,feasible_start_adaptive_spacing,,,,feasible_start_adaptive_spacing,0.5,,True,auto_from_instance,0.75,0.35,"0,5,6,9,10,11,12,15,16,18,19,21,22,27","2,4,5,8,9,13,17",,,,,,"H[0,5,6,9,10,11,12,15,16,18,19,21,22,27]|V[2,4,5,8,9,13,17]",8ba645c74da6577ac7820f92db785eac755acc05
proposed_nsga2_bs_AT_S_comercial_layout_AW_3_seed_101,proposed_nsga2_bs,AT_S_comercial_layout_AW_3,101,9,auto_from_instance,10,15,3,28,150,,,,,4,4,5,root > V:8 > BH:11 > BH:19 > BH:12 > BH:3,selected,2,inf,True,234,107,127,184.0,1.0,1.0,True,True,1,1,0,True,1,1,0,0,True,True,0,16,5,16,5,4,PF_LS_RP,fixed,,,False,0.6666666666666666,0.6027793068085152,0.33333333333333337,0.1,adaptive,bit_flip,offspring,feasible_start_adaptive_spacing,,,,feasible_start_adaptive_spacing,0.5,,True,auto_from_instance,0.75,0.35,"0,2,3,4,5,9,11,12,13,15,16,18,19,20,22,26","0,4,8,9,13",,,,,,"H[0,2,3,4,5,9,11,12,13,15,16,18,19,20,22,26]|V[0,4,8,9,13]",b4d3081b418ee664c2e14f6da6fe945949d53470
proposed_nsga2_bs_AT_S_comercial_layout_AW_3_seed_101,proposed_nsga2_bs,AT_S_comercial_layout_AW_3,101,9,auto_from_instance,10,15,3,28,150,,,,,5,4,5,root > V:8 > BH:11 > BH:18 > BH:12 > BH:3,selected,2,inf,True,234,107,127,184.0,1.0,1.0,True,True,1,1,0,True,1,1,0,0,True,True,0,16,5,16,5,4,PF_LS_RP,fixed,,,False,0.6666666666666666,0.6027793068085152,0.33333333333333337,0.1,adaptive,bit_flip,offspring,feasible_start_adaptive_spacing,,,,feasible_start_adaptive_spacing,0.5,,True,auto_from_instance,0.75,0.35,"0,2,3,4,5,9,11,12,13,15,16,18,19,20,22,26","0,4,8,9,13",,,,,,"H[0,2,3,4,5,9,11,12,13,15,16,18,19,20,22,26]|V[0,4,8,9,13]",f58db195176e0328e738ab30fdd0d22f3c15ba93
proposed_nsga2_bs_AT_S_comercial_layout_AW_3_seed_101,proposed_nsga2_bs,AT_S_comercial_layout_AW_3,101,9,auto_from_instance,10,15,3,28,150,,,,,6,4,5,root > V:8 > BH:11 > BH:19 > BH:13 > BH:4,selected,3,inf,True,234,107,127,224.0,1.0,1.0,True,True,1,1,0,True,1,1,0,0,True,True,0,16,5,16,5,4,PF_LS_RP,fixed,,,False,0.6666666666666666,0.6027793068085152,0.33333333333333337,0.1,adaptive,bit_flip,offspring,feasible_start_adaptive_spacing,,,,feasible_start_adaptive_spacing,0.5,,True,auto_from_instance,0.75,0.35,"0,2,3,4,5,9,11,12,13,15,16,18,19,20,22,26","0,4,8,9,13",,,,,,"H[0,2,3,4,5,9,11,12,13,15,16,18,19,20,22,26]|V[0,4,8,9,13]",c1143b846bdf559c06a887439567b47b3f22e2ec
proposed_nsga2_bs_AT_S_comercial_layout_AW_3_seed_101,proposed_nsga2_bs,AT_S_comercial_layout_AW_3,101,9,auto_from_instance,10,15,3,28,150,,,,,7,6,5,root > H:6 > BH:15 > BV:3 > BV:9 > BH:22,selected,1,inf,True,228,98,130,126.0,1.0,1.0,True,True,3,3,0,False,1,1,0,0,True,True,0,13,7,13,7,6,PF_LS_RP,fixed,,,False,0.6666666666666666,0.598067657709362,0.33333333333333337,0.1,adaptive,remove_random_aisle,offspring,feasible_start_adaptive_spacing,,,,feasible_start_adaptive_spacing,0.5,,True,auto_from_instance,0.75,0.35,"0,3,5,6,9,11,12,15,18,19,22,26,27","0,4,17,18,19",,,,,,"H[0,3,5,6,9,11,12,15,18,19,22,26,27]|V[0,3,4,9,17,18,19]",ff831007d2cb19c27f4223a274bf22a7edbbf53e
proposed_nsga2_bs_AT_S_comercial_layout_AW_3_seed_101,proposed_nsga2_bs,AT_S_comercial_layout_AW_3,101,9,auto_from_instance,10,15,3,28,150,,,,,8,6,5,root > H:6 > BH:16 > BV:3 > BV:9 > BH:22,selected,3,inf,True,228,98,130,206.0,1.0,1.0,True,True,3,3,0,False,1,1,0,0,True,True,0,14,7,14,7,6,PF_LS_RP,fixed,,,False,0.6666666666666666,0.598067657709362,0.33333333333333337,0.1,adaptive,remove_random_aisle,offspring,feasible_start_adaptive_spacing,,,,feasible_start_adaptive_spacing,0.5,,True,auto_from_instance,0.75,0.35,"0,3,5,6,9,11,12,15,18,19,22,26,27","0,4,17,18,19",,,,,,"H[0,3,5,6,9,11,12,15,16,18,19,22,26,27]|V[0,3,4,9,17,18,19]",3f6c5650382557808c9ce9ea61d9656b41539743
proposed_nsga2_bs_AT_S_comercial_layout_AW_3_seed_101,proposed_nsga2_bs,AT_S_comercial_layout_AW_3,101,9,auto_from_instance,10,15,3,28,150,,,,,9,10,5,root > H:2 > BH:15 > BH:9 > BV:4 > BH:22,selected,0,inf,True,204,110,94,69.0,1.0,1.0,True,True,3,3,0,False,1,1,0,0,True,True,0,15,2,15,2,10,PF_LS_RP,fixed,,,False,0.6666666666666666,0.7020256180081202,0.33333333333333337,0.1,adaptive,remove_random_aisle,offspring,feasible_start_adaptive_spacing,,,,feasible_start_adaptive_spacing,0.5,,True,auto_from_instance,0.75,0.35,"0,2,3,9,11,12,15,16,17,18,19,20,22,26,27","0,4",,,,,,"H[0,2,3,9,11,12,15,16,17,18,19,20,22,26,27]|V[0,4]",11d3ebe88426626fb11b9066022940c913788a88
proposed_nsga2_bs_AT_S_comercial_layout_AW_3_seed_101,proposed_nsga2_bs,AT_S_comercial_layout_AW_3,101,10,auto_from_instance,10,15,3,28,150,,,,,1,1,4,root > V:2 > BH:11 > BH:18 > BV:8,selected,0,inf,True,222,120,102,118.0,1.0,1.0,True,True,1,1,0,True,1,1,0,0,True,True,0,16,6,16,6,1,PF_LS_RP,fixed,,,False,0.7333333333333333,0.7015568251946307,0.2666666666666667,0.1,adaptive,insert_random_aisle,offspring,feasible_start_adaptive_spacing,,,,feasible_start_adaptive_spacing,0.5,,True,auto_from_instance,0.75,0.35,"0,2,3,4,5,9,11,12,15,16,17,18,19,20,22,26","0,2,4,8,9,13",,,,,,"H[0,2,3,4,5,9,11,12,15,16,17,18,19,20,22,26]|V[0,2,4,8,9,13]",c7821f85912c8e5c3b6ca7ddc3262e68ecac8a29
proposed_nsga2_bs_AT_S_comercial_layout_AW_3_seed_101,proposed_nsga2_bs,AT_S_comercial_layout_AW_3,101,10,auto_from_instance,10,15,3,28,150,,,,,2,1,4,root > V:2 > BH:11 > BV:9 > BV:8,selected,0,inf,True,222,120,102,118.0,1.0,1.0,True,True,1,1,0,True,1,1,0,0,True,True,0,16,6,16,6,1,PF_LS_RP,fixed,,,False,0.7333333333333333,0.7015568251946307,0.2666666666666667,0.1,adaptive,insert_random_aisle,offspring,feasible_start_adaptive_spacing,,,,feasible_start_adaptive_spacing,0.5,,True,auto_from_instance,0.75,0.35,"0,2,3,4,5,9,11,12,15,16,17,18,19,20,22,26","0,2,4,8,9,13",,,,,,"H[0,2,3,4,5,9,11,12,15,16,17,18,19,20,22,26]|V[0,2,4,8,9,13]",819b823d42066f1be4d37e503ecee22d07e5a6b0
proposed_nsga2_bs_AT_S_comercial_layout_AW_3_seed_101,proposed_nsga2_bs,AT_S_comercial_layout_AW_3,101,10,auto_from_instance,10,15,3,28,150,,,,,3,1,4,root > V:2 > BH:11 > BH:19 > BV:8,selected,1,inf,True,222,120,102,151.0,1.0,1.0,True,True,1,1,0,True,1,1,0,0,True,True,0,16,6,16,6,1,PF_LS_RP,fixed,,,False,0.7333333333333333,0.7015568251946307,0.2666666666666667,0.1,adaptive,insert_random_aisle,offspring,feasible_start_adaptive_spacing,,,,feasible_start_adaptive_spacing,0.5,,True,auto_from_instance,0.75,0.35,"0,2,3,4,5,9,11,12,15,16,17,18,19,20,22,26","0,2,4,8,9,13",,,,,,"H[0,2,3,4,5,9,11,12,15,16,17,18,19,20,22,26]|V[0,2,4,8,9,13]",8ba645c74da6577ac7820f92db785eac755acc05
proposed_nsga2_bs_AT_S_comercial_layout_AW_3_seed_101,proposed_nsga2_bs,AT_S_comercial_layout_AW_3,101,10,auto_from_instance,10,15,3,28,150,,,,,4,2,5,root > H:6 > BH:15 > BV:3 > BV:9 > BH:22,selected,1,inf,True,228,98,130,126.0,1.0,1.0,True,True,3,3,0,False,1,1,0,0,True,True,0,16,4,16,4,2,PF_LS_RP,fixed,,,False,0.7333333333333333,0.705720351579124,0.2666666666666667,0.1,adaptive,swap_segments,offspring,feasible_start_adaptive_spacing,,,,feasible_start_adaptive_spacing,0.5,,True,auto_from_instance,0.75,0.35,"0,2,3,4,6,7,9,10,11,18,20,21,22,26,27","0,4",,,,,,"H[0,2,3,4,6,7,9,10,11,15,18,20,21,22,26,27]|V[0,3,4,9]",ff831007d2cb19c27f4223a274bf22a7edbbf53e
proposed_nsga2_bs_AT_S_comercial_layout_AW_3_seed_101,proposed_nsga2_bs,AT_S_comercial_layout_AW_3,101,10,auto_from_instance,10,15,3,28,150,,,,,5,2,5,root > H:6 > BH:16 > BV:3 > BV:9 > BH:22,selected,3,inf,True,228,98,130,206.0,1.0,1.0,True,True,3,3,0,False,1,1,0,0,True,True,0,16,4,16,4,2,PF_LS_RP,fixed,,,False,0.7333333333333333,0.705720351579124,0.2666666666666667,0.1,adaptive,swap_segments,offspring,feasible_start_adaptive_spacing,,,,feasible_start_adaptive_spacing,0.5,,True,auto_from_instance,0.75,0.35,"0,2,3,4,6,7,9,10,11,18,20,21,22,26,27","0,4",,,,,,"H[0,2,3,4,6,7,9,10,11,16,18,20,21,22,26,27]|V[0,3,4,9]",3f6c5650382557808c9ce9ea61d9656b41539743
proposed_nsga2_bs_AT_S_comercial_layout_AW_3_seed_101,proposed_nsga2_bs,AT_S_comercial_layout_AW_3,101,10,auto_from_instance,10,15,3,28,150,,,,,6,4,5,root > V:8 > BH:11 > BH:19 > BH:12 > BH:3,selected,2,inf,True,234,107,127,184.0,1.0,1.0,True,True,1,1,0,True,1,1,0,0,True,True,0,16,7,16,7,4,PF_LS_RP,fixed,,,False,0.7333333333333333,0.7437553610515035,0.2666666666666667,0.1,adaptive,insert_random_aisle,offspring,feasible_start_adaptive_spacing,,,,feasible_start_adaptive_spacing,0.5,,True,auto_from_instance,0.75,0.35,"0,2,3,4,5,6,9,10,11,12,15,16,18,19,22,26","0,4,8,9,13,17,19",,,,,,"H[0,2,3,4,5,6,9,10,11,12,15,16,18,19,22,26]|V[0,4,8,9,13,17,19]",b4d3081b418ee664c2e14f6da6fe945949d53470
proposed_nsga2_bs_AT_S_comercial_layout_AW_3_seed_101,proposed_nsga2_bs,AT_S_comercial_layout_AW_3,101,10,auto_from_instance,10,15,3,28,150,,,,,7,4,5,root > V:8 > BH:11 > BH:18 > BH:12 > BH:3,selected,2,inf,True,234,107,127,184.0,1.0,1.0,True,True,1,1,0,True,1,1,0,0,True,True,0,16,7,16,7,4,PF_LS_RP,fixed,,,False,0.7333333333333333,0.7437553610515035,0.2666666666666667,0.1,adaptive,insert_random_aisle,offspring,feasible_start_adaptive_spacing,,,,feasible_start_adaptive_spacing,0.5,,True,auto_from_instance,0.75,0.35,"0,2,3,4,5,6,9,10,11,12,15,16,18,19,22,26","0,4,8,9,13,17,19",,,,,,"H[0,2,3,4,5,6,9,10,11,12,15,16,18,19,22,26]|V[0,4,8,9,13,17,19]",f58db195176e0328e738ab30fdd0d22f3c15ba93
proposed_nsga2_bs_AT_S_comercial_layout_AW_3_seed_101,proposed_nsga2_bs,AT_S_comercial_layout_AW_3,101,10,auto_from_instance,10,15,3,28,150,,,,,8,4,5,root > V:8 > BH:11 > BH:19 > BH:13 > BH:4,selected,3,inf,True,234,107,127,224.0,1.0,1.0,True,True,1,1,0,True,1,1,0,0,True,True,0,17,7,17,7,4,PF_LS_RP,fixed,,,False,0.7333333333333333,0.7437553610515035,0.2666666666666667,0.1,adaptive,insert_random_aisle,offspring,feasible_start_adaptive_spacing,,,,feasible_start_adaptive_spacing,0.5,,True,auto_from_instance,0.75,0.35,"0,2,3,4,5,6,9,10,11,12,15,16,18,19,22,26","0,4,8,9,13,17,19",,,,,,"H[0,2,3,4,5,6,9,10,11,12,13,15,16,18,19,22,26]|V[0,4,8,9,13,17,19]",c1143b846bdf559c06a887439567b47b3f22e2ec
proposed_nsga2_bs_AT_S_comercial_layout_AW_3_seed_101,proposed_nsga2_bs,AT_S_comercial_layout_AW_3,101,10,auto_from_instance,10,15,3,28,150,,,,,9,9,3,root > V:4 > BH:11 > BV:10,selected,4,inf,True,261,102,159,439.0,1.0,1.0,True,True,1,1,0,True,1,1,0,0,True,True,0,15,5,15,5,9,PF_LS_RP,fixed,,,False,0.7333333333333333,0.6976076938889233,0.2666666666666667,0.1,adaptive,spacing_aware_flip,offspring,feasible_start_adaptive_spacing,,,,feasible_start_adaptive_spacing,0.5,,True,auto_from_instance,0.75,0.35,"0,2,3,9,11,12,15,16,17,18,19,20,22,26,27","0,4,12,17",,,,,,"H[0,2,3,9,11,12,15,16,17,18,19,20,22,26,27]|V[0,4,10,12,17]",9f743de52d693602543418d64e2fc4d7c070588d
proposed_nsga2_bs_AT_S_comercial_layout_AW_3_seed_101,proposed_nsga2_bs,AT_S_comercial_layout_AW_3,101,10,auto_from_instance,10,15,3,28,150,,,,,10,9,3,root > V:0 > BH:11 > BH:18,selected,4,inf,True,243,85,158,367.0,1.0,1.0,True,True,1,1,0,True,1,1,0,0,True,True,0,15,4,15,4,9,PF_LS_RP,fixed,,,False,0.7333333333333333,0.6976076938889233,0.2666666666666667,0.1,adaptive,spacing_aware_flip,offspring,feasible_start_adaptive_spacing,,,,feasible_start_adaptive_spacing,0.5,,True,auto_from_instance,0.75,0.35,"0,2,3,9,11,12,15,16,17,18,19,20,22,26,27","0,4,12,17",,,,,,"H[0,2,3,9,11,12,15,16,17,18,19,20,22,26,27]|V[0,4,12,17]",a06173efc61694b475ed0bb967fdbf0bc28bf0a8
proposed_nsga2_bs_AT_S_comercial_layout_AW_3_seed_101,proposed_nsga2_bs,AT_S_comercial_layout_AW_3,101,10,auto_from_instance,10,15,3,28,150,,,,,11,9,3,root > V:0 > BH:11 > BH:19,evaluated,5,inf,False,243,85,158,406.0,1.0,1.0,True,True,1,1,0,True,1,1,0,0,True,True,0,15,4,15,4,9,PF_LS_RP,fixed,,,False,0.7333333333333333,0.6976076938889233,0.2666666666666667,0.1,adaptive,spacing_aware_flip,offspring,feasible_start_adaptive_spacing,,,,feasible_start_adaptive_spacing,0.5,,True,auto_from_instance,0.75,0.35,"0,2,3,9,11,12,15,16,17,18,19,20,22,26,27","0,4,12,17",,,,,,"H[0,2,3,9,11,12,15,16,17,18,19,20,22,26,27]|V[0,4,12,17]",c6dfc27680cf9ab70f12f2c8285c75455967f8c9
proposed_nsga2_bs_AT_S_comercial_layout_AW_3_seed_101,proposed_nsga2_bs,AT_S_comercial_layout_AW_3,101,11,auto_from_instance,10,15,3,28,150,,,,,1,1,4,root > V:2 > BH:11 > BH:18 > BV:8,selected,0,inf,True,222,120,102,118.0,1.0,1.0,True,True,1,1,0,True,1,1,0,0,True,True,0,15,5,15,5,1,PF_LS_RP,fixed,,,False,0.8,0.8032103186599496,0.19999999999999996,0.1,adaptive,remove_random_aisle,offspring,feasible_start_adaptive_spacing,,,,feasible_start_adaptive_spacing,0.5,,True,auto_from_instance,0.75,0.35,"0,2,3,4,5,9,10,11,16,17,18,19,20,22,26","0,2,8,9,13",,,,,,"H[0,2,3,4,5,9,10,11,16,17,18,19,20,22,26]|V[0,2,8,9,13]",c7821f85912c8e5c3b6ca7ddc3262e68ecac8a29
proposed_nsga2_bs_AT_S_comercial_layout_AW_3_seed_101,proposed_nsga2_bs,AT_S_comercial_layout_AW_3,101,11,auto_from_instance,10,15,3,28,150,,,,,2,1,4,root > V:2 > BH:11 > BV:9 > BV:8,selected,0,inf,True,222,120,102,118.0,1.0,1.0,True,True,1,1,0,True,1,1,0,0,True,True,0,15,5,15,5,1,PF_LS_RP,fixed,,,False,0.8,0.8032103186599496,0.19999999999999996,0.1,adaptive,remove_random_aisle,offspring,feasible_start_adaptive_spacing,,,,feasible_start_adaptive_spacing,0.5,,True,auto_from_instance,0.75,0.35,"0,2,3,4,5,9,10,11,16,17,18,19,20,22,26","0,2,8,9,13",,,,,,"H[0,2,3,4,5,9,10,11,16,17,18,19,20,22,26]|V[0,2,8,9,13]",819b823d42066f1be4d37e503ecee22d07e5a6b0
proposed_nsga2_bs_AT_S_comercial_layout_AW_3_seed_101,proposed_nsga2_bs,AT_S_comercial_layout_AW_3,101,11,auto_from_instance,10,15,3,28,150,,,,,3,1,4,root > V:2 > BH:11 > BH:19 > BV:8,selected,1,inf,True,222,120,102,151.0,1.0,1.0,True,True,1,1,0,True,1,1,0,0,True,True,0,15,5,15,5,1,PF_LS_RP,fixed,,,False,0.8,0.8032103186599496,0.19999999999999996,0.1,adaptive,remove_random_aisle,offspring,feasible_start_adaptive_spacing,,,,feasible_start_adaptive_spacing,0.5,,True,auto_from_instance,0.75,0.35,"0,2,3,4,5,9,10,11,16,17,18,19,20,22,26","0,2,8,9,13",,,,,,"H[0,2,3,4,5,9,10,11,16,17,18,19,20,22,26]|V[0,2,8,9,13]",8ba645c74da6577ac7820f92db785eac755acc05
proposed_nsga2_bs_AT_S_comercial_layout_AW_3_seed_101,proposed_nsga2_bs,AT_S_comercial_layout_AW_3,101,11,auto_from_instance,10,15,3,28,150,,,,,4,2,4,root > V:3 > BH:11 > BV:10 > BV:9,selected,1,inf,True,225,115,110,149.0,1.0,1.0,True,True,1,1,0,True,1,1,0,0,True,True,0,17,6,17,6,2,PF_LS_RP,fixed,,,False,0.8,0.7971426572815828,0.19999999999999996,0.1,adaptive,bit_flip,offspring,feasible_start_adaptive_spacing,,,,feasible_start_adaptive_spacing,0.5,,True,auto_from_instance,0.75,0.35,"0,2,3,4,6,7,9,11,12,15,16,18,20,21,22,26,27","0,3,4,5,9",,,,,,"H[0,2,3,4,6,7,9,11,12,15,16,18,20,21,22,26,27]|V[0,3,4,5,9,10]",ae825089721f98e0d9805014401719023ff6a664
proposed_nsga2_bs_AT_S_comercial_layout_AW_3_seed_101,proposed_nsga2_bs,AT_S_comercial_layout_AW_3,101,11,auto_from_instance,10,15,3,28,150,,,,,5,2,4,root > V:3 > BH:11 > BV:9 > BV:9,selected,1,inf,True,225,115,110,149.0,1.0,1.0,True,True,1,1,0,True,1,1,0,0,True,True,0,17,5,17,5,2,PF_LS_RP,fixed,,,False,0.8,0.7971426572815828,0.19999999999999996,0.1,adaptive,bit_flip,offspring,feasible_start_adaptive_spacing,,,,feasible_start_adaptive_spacing,0.5,,True,auto_from_instance,0.75,0.35,"0,2,3,4,6,7,9,11,12,15,16,18,20,21,22,26,27","0,3,4,5,9",,,,,,"H[0,2,3,4,6,7,9,11,12,15,16,18,20,21,22,26,27]|V[0,3,4,5,9]",0a75f2b327085dc5778e0a33aad21dbd318e0a85
proposed_nsga2_bs_AT_S_comercial_layout_AW_3_seed_101,proposed_nsga2_bs,AT_S_comercial_layout_AW_3,101,11,auto_from_instance,10,15,3,28,150,,,,,6,8,5,root > V:8 > BH:11 > BH:19 > BH:12 > BH:3,selected,2,inf,True,234,107,127,184.0,1.0,1.0,True,True,1,1,0,True,1,1,0,0,True,True,0,15,7,15,7,8,PF_LS_RP,fixed,,,False,0.8,0.7768727938121446,0.19999999999999996,0.1,adaptive,break_symmetry,offspring,feasible_start_adaptive_spacing,,,,feasible_start_adaptive_spacing,0.5,,True,auto_from_instance,0.75,0.35,"0,2,3,4,5,9,11,12,15,16,17,18,19,22,26","0,4,8,9,13,18,19",,,,,,"H[0,2,3,4,5,9,11,12,15,16,17,18,19,22,26]|V[0,4,8,9,13,18,19]",b4d3081b418ee664c2e14f6da6fe945949d53470
proposed_nsga2_bs_AT_S_comercial_layout_AW_3_seed_101,proposed_nsga2_bs,AT_S_comercial_layout_AW_3,101,11,auto_from_instance,10,15,3,28,150,,,,,7,8,5,root > V:8 > BH:11 > BH:18 > BH:12 > BH:3,selected,2,inf,True,234,107,127,184.0,1.0,1.0,True,True,1,1,0,True,1,1,0,0,True,True,0,15,7,15,7,8,PF_LS_RP,fixed,,,False,0.8,0.7768727938121446,0.19999999999999996,0.1,adaptive,break_symmetry,offspring,feasible_start_adaptive_spacing,,,,feasible_start_adaptive_spacing,0.5,,True,auto_from_instance,0.75,0.35,"0,2,3,4,5,9,11,12,15,16,17,18,19,22,26","0,4,8,9,13,18,19",,,,,,"H[0,2,3,4,5,9,11,12,15,16,17,18,19,22,26]|V[0,4,8,9,13,18,19]",f58db195176e0328e738ab30fdd0d22f3c15ba93
proposed_nsga2_bs_AT_S_comercial_layout_AW_3_seed_101,proposed_nsga2_bs,AT_S_comercial_layout_AW_3,101,11,auto_from_instance,10,15,3,28,150,,,,,8,8,5,root > V:8 > BH:11 > BH:19 > BH:13 > BH:4,selected,3,inf,True,234,107,127,224.0,1.0,1.0,True,True,1,1,0,True,1,1,0,0,True,True,0,16,7,16,7,8,PF_LS_RP,fixed,,,False,0.8,0.7768727938121446,0.19999999999999996,0.1,adaptive,break_symmetry,offspring,feasible_start_adaptive_spacing,,,,feasible_start_adaptive_spacing,0.5,,True,auto_from_instance,0.75,0.35,"0,2,3,4,5,9,11,12,15,16,17,18,19,22,26","0,4,8,9,13,18,19",,,,,,"H[0,2,3,4,5,9,11,12,13,15,16,17,18,19,22,26]|V[0,4,8,9,13,18,19]",c1143b846bdf559c06a887439567b47b3f22e2ec
proposed_nsga2_bs_AT_S_comercial_layout_AW_3_seed_101,proposed_nsga2_bs,AT_S_comercial_layout_AW_3,101,12,auto_from_instance,10,15,3,28,150,,,,,1,1,4,root > V:3 > BH:11 > BV:10 > BV:9,selected,1,inf,True,225,115,110,149.0,1.0,1.0,True,True,1,1,0,True,1,1,0,0,True,True,0,16,8,16,8,1,PF_LS_RP,fixed,,,False,0.8666666666666667,0.8798586400772301,0.1333333333333333,0.1,adaptive,break_symmetry,offspring,feasible_start_adaptive_spacing,,,,feasible_start_adaptive_spacing,0.5,,True,auto_from_instance,0.75,0.35,"0,1,3,4,6,7,9,11,12,15,16,18,20,21,22,26","0,3,4,5,9,18,19",,,,,,"H[0,1,3,4,6,7,9,11,12,15,16,18,20,21,22,26]|V[0,3,4,5,9,10,18,19]",ae825089721f98e0d9805014401719023ff6a664
proposed_nsga2_bs_AT_S_comercial_layout_AW_3_seed_101,proposed_nsga2_bs,AT_S_comercial_layout_AW_3,101,12,auto_from_instance,10,15,3,28,150,,,,,2,1,4,root > V:3 > BH:11 > BV:9 > BV:9,selected,1,inf,True,225,115,110,149.0,1.0,1.0,True,True,1,1,0,True,1,1,0,0,True,True,0,16,7,16,7,1,PF_LS_RP,fixed,,,False,0.8666666666666667,0.8798586400772301,0.1333333333333333,0.1,adaptive,break_symmetry,offspring,feasible_start_adaptive_spacing,,,,feasible_start_adaptive_spacing,0.5,,True,auto_from_instance,0.75,0.35,"0,1,3,4,6,7,9,11,12,15,16,18,20,21,22,26","0,3,4,5,9,18,19",,,,,,"H[0,1,3,4,6,7,9,11,12,15,16,18,20,21,22,26]|V[0,3,4,5,9,18,19]",0a75f2b327085dc5778e0a33aad21dbd318e0a85
proposed_nsga2_bs_AT_S_comercial_layout_AW_3_seed_101,proposed_nsga2_bs,AT_S_comercial_layout_AW_3,101,12,auto_from_instance,10,15,3,28,150,,,,,3,2,5,root > V:8 > BH:11 > BH:19 > BH:12 > BH:3,selected,2,inf,True,234,107,127,184.0,1.0,1.0,True,True,1,1,0,True,1,1,0,0,True,True,0,16,5,16,5,2,PF_LS_RP,fixed,,,False,0.8666666666666667,0.8983582932495938,0.1333333333333333,0.1,adaptive,swap_segments,offspring,feasible_start_adaptive_spacing,,,,feasible_start_adaptive_spacing,0.5,,True,auto_from_instance,0.75,0.35,"0,2,3,4,7,8,9,11,12,13,17,18,19,22,26,27","0,4,8,9,13",,,,,,"H[0,2,3,4,7,8,9,11,12,13,17,18,19,22,26,27]|V[0,4,8,9,13]",b4d3081b418ee664c2e14f6da6fe945949d53470
proposed_nsga2_bs_AT_S_comercial_layout_AW_3_seed_101,proposed_nsga2_bs,AT_S_comercial_layout_AW_3,101,12,auto_from_instance,10,15,3,28,150,,,,,4,2,5,root > V:8 > BH:11 > BH:18 > BH:12 > BH:3,selected,2,inf,True,234,107,127,184.0,1.0,1.0,True,True,1,1,0,True,1,1,0,0,True,True,0,16,5,16,5,2,PF_LS_RP,fixed,,,False,0.8666666666666667,0.8983582932495938,0.1333333333333333,0.1,adaptive,swap_segments,offspring,feasible_start_adaptive_spacing,,,,feasible_start_adaptive_spacing,0.5,,True,auto_from_instance,0.75,0.35,"0,2,3,4,7,8,9,11,12,13,17,18,19,22,26,27","0,4,8,9,13",,,,,,"H[0,2,3,4,7,8,9,11,12,13,17,18,19,22,26,27]|V[0,4,8,9,13]",f58db195176e0328e738ab30fdd0d22f3c15ba93
proposed_nsga2_bs_AT_S_comercial_layout_AW_3_seed_101,proposed_nsga2_bs,AT_S_comercial_layout_AW_3,101,12,auto_from_instance,10,15,3,28,150,,,,,5,2,5,root > V:8 > BH:11 > BH:19 > BH:13 > BH:4,selected,3,inf,True,234,107,127,224.0,1.0,1.0,True,True,1,1,0,True,1,1,0,0,True,True,0,16,5,16,5,2,PF_LS_RP,fixed,,,False,0.8666666666666667,0.8983582932495938,0.1333333333333333,0.1,adaptive,swap_segments,offspring,feasible_start_adaptive_spacing,,,,feasible_start_adaptive_spacing,0.5,,True,auto_from_instance,0.75,0.35,"0,2,3,4,7,8,9,11,12,13,17,18,19,22,26,27","0,4,8,9,13",,,,,,"H[0,2,3,4,7,8,9,11,12,13,17,18,19,22,26,27]|V[0,4,8,9,13]",c1143b846bdf559c06a887439567b47b3f22e2ec
proposed_nsga2_bs_AT_S_comercial_layout_AW_3_seed_101,proposed_nsga2_bs,AT_S_comercial_layout_AW_3,101,12,auto_from_instance,10,15,3,28,150,,,,,6,4,4,root > V:2 > BH:11 > BH:18 > BV:8,selected,0,inf,True,222,120,102,118.0,1.0,1.0,True,True,1,1,0,True,1,1,0,0,True,True,0,16,5,16,5,4,PF_LS_RP,fixed,,,False,0.8666666666666667,0.8414196857567173,0.1333333333333333,0.1,adaptive,insert_random_aisle,offspring,feasible_start_adaptive_spacing,,,,feasible_start_adaptive_spacing,0.5,,True,auto_from_instance,0.75,0.35,"0,2,3,4,5,9,10,11,15,16,18,20,21,22,23,26","0,2,8,9,13",,,,,,"H[0,2,3,4,5,9,10,11,15,16,18,20,21,22,23,26]|V[0,2,8,9,13]",c7821f85912c8e5c3b6ca7ddc3262e68ecac8a29
proposed_nsga2_bs_AT_S_comercial_layout_AW_3_seed_101,proposed_nsga2_bs,AT_S_comercial_layout_AW_3,101,12,auto_from_instance,10,15,3,28,150,,,,,7,4,4,root > V:2 > BH:11 > BV:9 > BV:8,selected,0,inf,True,222,120,102,118.0,1.0,1.0,True,True,1,1,0,True,1,1,0,0,True,True,0,16,5,16,5,4,PF_LS_RP,fixed,,,False,0.8666666666666667,0.8414196857567173,0.1333333333333333,0.1,adaptive,insert_random_aisle,offspring,feasible_start_adaptive_spacing,,,,feasible_start_adaptive_spacing,0.5,,True,auto_from_instance,0.75,0.35,"0,2,3,4,5,9,10,11,15,16,18,20,21,22,23,26","0,2,8,9,13",,,,,,"H[0,2,3,4,5,9,10,11,15,16,18,20,21,22,23,26]|V[0,2,8,9,13]",819b823d42066f1be4d37e503ecee22d07e5a6b0
proposed_nsga2_bs_AT_S_comercial_layout_AW_3_seed_101,proposed_nsga2_bs,AT_S_comercial_layout_AW_3,101,12,auto_from_instance,10,15,3,28,150,,,,,8,4,4,root > V:2 > BH:11 > BH:19 > BV:8,selected,1,inf,True,222,120,102,151.0,1.0,1.0,True,True,1,1,0,True,1,1,0,0,True,True,0,17,5,17,5,4,PF_LS_RP,fixed,,,False,0.8666666666666667,0.8414196857567173,0.1333333333333333,0.1,adaptive,insert_random_aisle,offspring,feasible_start_adaptive_spacing,,,,feasible_start_adaptive_spacing,0.5,,True,auto_from_instance,0.75,0.35,"0,2,3,4,5,9,10,11,15,16,18,20,21,22,23,26","0,2,8,9,13",,,,,,"H[0,2,3,4,5,9,10,11,15,16,18,19,20,21,22,23,26]|V[0,2,8,9,13]",8ba645c74da6577ac7820f92db785eac755acc05
proposed_nsga2_bs_AT_S_comercial_layout_AW_3_seed_101,proposed_nsga2_bs,AT_S_comercial_layout_AW_3,101,12,auto_from_instance,10,15,3,28,150,,,,,9,6,4,root > V:3 > BH:11 > BV:9 > BV:13,selected,4,inf,True,225,93,132,226.0,1.0,1.0,True,True,1,1,0,True,1,1,0,0,True,True,0,17,6,17,6,6,PF_LS_RP,fixed,,,False,0.8666666666666667,0.8947139158520719,0.1333333333333333,0.1,adaptive,spacing_aware_flip,offspring,feasible_start_adaptive_spacing,,,,feasible_start_adaptive_spacing,0.5,,True,auto_from_instance,0.75,0.35,"0,2,3,4,6,7,9,10,11,16,17,18,19,20,22,26,27","0,3,8,9,13,16",,,,,,"H[0,2,3,4,6,7,9,10,11,16,17,18,19,20,22,26,27]|V[0,3,8,9,13,16]",3fc0967e8cf1acc9db002871d4c6fad00e132dd7
proposed_nsga2_bs_AT_S_comercial_layout_AW_3_seed_101,proposed_nsga2_bs,AT_S_comercial_layout_AW_3,101,13,auto_from_instance,10,15,3,28,150,,,,,1,1,5,root > V:8 > BH:11 > BH:19 > BH:12 > BH:3,selected,2,inf,True,234,107,127,184.0,1.0,1.0,True,True,1,1,0,True,1,1,0,0,True,True,0,16,5,16,5,1,PF_LS_RP,fixed,,,False,0.9333333333333333,0.836104119569999,0.1,0.1,adaptive,spacing_aware_flip,offspring,feasible_start_adaptive_spacing,,,,feasible_start_adaptive_spacing,0.5,,True,auto_from_instance,0.75,0.35,"0,2,3,4,7,8,9,11,15,16,18,19,22,26,27","0,4,8,9,13",,,,,,"H[0,2,3,4,7,8,9,11,12,15,16,18,19,22,26,27]|V[0,4,8,9,13]",b4d3081b418ee664c2e14f6da6fe945949d53470
proposed_nsga2_bs_AT_S_comercial_layout_AW_3_seed_101,proposed_nsga2_bs,AT_S_comercial_layout_AW_3,101,13,auto_from_instance,10,15,3,28,150,,,,,2,1,5,root > V:8 > BH:11 > BH:18 > BH:12 > BH:3,selected,2,inf,True,234,107,127,184.0,1.0,1.0,True,True,1,1,0,True,1,1,0,0,True,True,0,16,5,16,5,1,PF_LS_RP,fixed,,,False,0.9333333333333333,0.836104119569999,0.1,0.1,adaptive,spacing_aware_flip,offspring,feasible_start_adaptive_spacing,,,,feasible_start_adaptive_spacing,0.5,,True,auto_from_instance,0.75,0.35,"0,2,3,4,7,8,9,11,15,16,18,19,22,26,27","0,4,8,9,13",,,,,,"H[0,2,3,4,7,8,9,11,12,15,16,18,19,22,26,27]|V[0,4,8,9,13]",f58db195176e0328e738ab30fdd0d22f3c15ba93
proposed_nsga2_bs_AT_S_comercial_layout_AW_3_seed_101,proposed_nsga2_bs,AT_S_comercial_layout_AW_3,101,13,auto_from_instance,10,15,3,28,150,,,,,3,1,5,root > V:8 > BH:11 > BH:19 > BH:13 > BH:4,selected,3,inf,True,234,107,127,224.0,1.0,1.0,True,True,1,1,0,True,1,1,0,0,True,True,0,16,5,16,5,1,PF_LS_RP,fixed,,,False,0.9333333333333333,0.836104119569999,0.1,0.1,adaptive,spacing_aware_flip,offspring,feasible_start_adaptive_spacing,,,,feasible_start_adaptive_spacing,0.5,,True,auto_from_instance,0.75,0.35,"0,2,3,4,7,8,9,11,15,16,18,19,22,26,27","0,4,8,9,13",,,,,,"H[0,2,3,4,7,8,9,11,13,15,16,18,19,22,26,27]|V[0,4,8,9,13]",c1143b846bdf559c06a887439567b47b3f22e2ec
proposed_nsga2_bs_AT_S_comercial_layout_AW_3_seed_101,proposed_nsga2_bs,AT_S_comercial_layout_AW_3,101,13,auto_from_instance,10,15,3,28,150,,,,,4,2,4,root > V:2 > BH:11 > BH:18 > BV:8,selected,0,inf,True,222,120,102,118.0,1.0,1.0,True,True,1,1,0,True,1,1,0,0,True,True,0,17,7,17,7,2,PF_LS_RP,fixed,,,False,0.9333333333333333,0.9492048365912548,0.1,0.1,adaptive,spacing_aware_flip,offspring,feasible_start_adaptive_spacing,,,,feasible_start_adaptive_spacing,0.5,,True,auto_from_instance,0.75,0.35,"0,2,3,4,5,9,10,11,12,13,17,18,20,21,22,23,26","0,2,4,8,9,13,17",,,,,,"H[0,2,3,4,5,9,10,11,12,13,17,18,20,21,22,23,26]|V[0,2,4,8,9,13,17]",c7821f85912c8e5c3b6ca7ddc3262e68ecac8a29
proposed_nsga2_bs_AT_S_comercial_layout_AW_3_seed_101,proposed_nsga2_bs,AT_S_comercial_layout_AW_3,101,13,auto_from_instance,10,15,3,28,150,,,,,5,2,4,root > V:2 > BH:11 > BV:9 > BV:8,selected,0,inf,True,222,120,102,118.0,1.0,1.0,True,True,1,1,0,True,1,1,0,0,True,True,0,17,7,17,7,2,PF_LS_RP,fixed,,,False,0.9333333333333333,0.9492048365912548,0.1,0.1,adaptive,spacing_aware_flip,offspring,feasible_start_adaptive_spacing,,,,feasible_start_adaptive_spacing,0.5,,True,auto_from_instance,0.75,0.35,"0,2,3,4,5,9,10,11,12,13,17,18,20,21,22,23,26","0,2,4,8,9,13,17",,,,,,"H[0,2,3,4,5,9,10,11,12,13,17,18,20,21,22,23,26]|V[0,2,4,8,9,13,17]",819b823d42066f1be4d37e503ecee22d07e5a6b0
proposed_nsga2_bs_AT_S_comercial_layout_AW_3_seed_101,proposed_nsga2_bs,AT_S_comercial_layout_AW_3,101,13,auto_from_instance,10,15,3,28,150,,,,,6,2,4,root > V:2 > BH:11 > BH:19 > BV:8,selected,1,inf,True,222,120,102,151.0,1.0,1.0,True,True,1,1,0,True,1,1,0,0,True,True,0,18,7,18,7,2,PF_LS_RP,fixed,,,False,0.9333333333333333,0.9492048365912548,0.1,0.1,adaptive,spacing_aware_flip,offspring,feasible_start_adaptive_spacing,,,,feasible_start_adaptive_spacing,0.5,,True,auto_from_instance,0.75,0.35,"0,2,3,4,5,9,10,11,12,13,17,18,20,21,22,23,26","0,2,4,8,9,13,17",,,,,,"H[0,2,3,4,5,9,10,11,12,13,17,18,19,20,21,22,23,26]|V[0,2,4,8,9,13,17]",8ba645c74da6577ac7820f92db785eac755acc05
proposed_nsga2_bs_AT_S_comercial_layout_AW_3_seed_101,proposed_nsga2_bs,AT_S_comercial_layout_AW_3,101,13,auto_from_instance,10,15,3,28,150,,,,,7,7,4,root > V:3 > BH:11 > BV:10 > BV:9,selected,1,inf,True,225,115,110,149.0,1.0,1.0,True,True,1,1,0,True,1,1,0,0,True,True,0,14,7,14,7,7,PF_LS_RP,fixed,,,False,0.9333333333333333,0.8903961930841957,0.1,0.1,adaptive,bit_flip,offspring,feasible_start_adaptive_spacing,,,,feasible_start_adaptive_spacing,0.5,,True,auto_from_instance,0.75,0.35,"0,1,3,4,9,11,12,15,16,18,20,21,22,26","0,3,4,8,9,13",,,,,,"H[0,1,3,4,9,11,12,15,16,18,20,21,22,26]|V[0,3,4,8,9,10,13]",ae825089721f98e0d9805014401719023ff6a664
proposed_nsga2_bs_AT_S_comercial_layout_AW_3_seed_101,proposed_nsga2_bs,AT_S_comercial_layout_AW_3,101,13,auto_from_instance,10,15,3,28,150,,,,,8,7,4,root > V:3 > BH:11 > BV:9 > BV:9,selected,1,inf,True,225,115,110,149.0,1.0,1.0,True,True,1,1,0,True,1,1,0,0,True,True,0,14,6,14,6,7,PF_LS_RP,fixed,,,False,0.9333333333333333,0.8903961930841957,0.1,0.1,adaptive,bit_flip,offspring,feasible_start_adaptive_spacing,,,,feasible_start_adaptive_spacing,0.5,,True,auto_from_instance,0.75,0.35,"0,1,3,4,9,11,12,15,16,18,20,21,22,26","0,3,4,8,9,13",,,,,,"H[0,1,3,4,9,11,12,15,16,18,20,21,22,26]|V[0,3,4,8,9,13]",0a75f2b327085dc5778e0a33aad21dbd318e0a85
proposed_nsga2_bs_AT_S_comercial_layout_AW_3_seed_101,proposed_nsga2_bs,AT_S_comercial_layout_AW_3,101,14,auto_from_instance,10,15,3,28,150,,,,,1,1,4,root > V:2 > BH:11 > BH:18 > BV:8,selected,0,inf,True,222,120,102,118.0,1.0,1.0,True,True,1,1,0,True,1,1,0,0,True,True,0,17,6,17,6,1,PF_LS_RP,fixed,,,False,1.0,1.0,0.1,0.1,adaptive,remove_random_aisle,offspring,feasible_start_adaptive_spacing,,,,feasible_start_adaptive_spacing,0.5,,True,auto_from_instance,0.75,0.35,"0,2,3,4,5,9,10,11,12,13,17,18,20,21,22,23,26","0,2,4,8,9,13",,,,,,"H[0,2,3,4,5,9,10,11,12,13,17,18,20,21,22,23,26]|V[0,2,4,8,9,13]",c7821f85912c8e5c3b6ca7ddc3262e68ecac8a29
proposed_nsga2_bs_AT_S_comercial_layout_AW_3_seed_101,proposed_nsga2_bs,AT_S_comercial_layout_AW_3,101,14,auto_from_instance,10,15,3,28,150,,,,,2,1,4,root > V:2 > BH:11 > BV:9 > BV:8,selected,0,inf,True,222,120,102,118.0,1.0,1.0,True,True,1,1,0,True,1,1,0,0,True,True,0,17,6,17,6,1,PF_LS_RP,fixed,,,False,1.0,1.0,0.1,0.1,adaptive,remove_random_aisle,offspring,feasible_start_adaptive_spacing,,,,feasible_start_adaptive_spacing,0.5,,True,auto_from_instance,0.75,0.35,"0,2,3,4,5,9,10,11,12,13,17,18,20,21,22,23,26","0,2,4,8,9,13",,,,,,"H[0,2,3,4,5,9,10,11,12,13,17,18,20,21,22,23,26]|V[0,2,4,8,9,13]",819b823d42066f1be4d37e503ecee22d07e5a6b0
proposed_nsga2_bs_AT_S_comercial_layout_AW_3_seed_101,proposed_nsga2_bs,AT_S_comercial_layout_AW_3,101,14,auto_from_instance,10,15,3,28,150,,,,,3,1,4,root > V:2 > BH:11 > BH:19 > BV:8,selected,1,inf,True,222,120,102,151.0,1.0,1.0,True,True,1,1,0,True,1,1,0,0,True,True,0,18,6,18,6,1,PF_LS_RP,fixed,,,False,1.0,1.0,0.1,0.1,adaptive,remove_random_aisle,offspring,feasible_start_adaptive_spacing,,,,feasible_start_adaptive_spacing,0.5,,True,auto_from_instance,0.75,0.35,"0,2,3,4,5,9,10,11,12,13,17,18,20,21,22,23,26","0,2,4,8,9,13",,,,,,"H[0,2,3,4,5,9,10,11,12,13,17,18,19,20,21,22,23,26]|V[0,2,4,8,9,13]",8ba645c74da6577ac7820f92db785eac755acc05
proposed_nsga2_bs_AT_S_comercial_layout_AW_3_seed_101,proposed_nsga2_bs,AT_S_comercial_layout_AW_3,101,14,auto_from_instance,10,15,3,28,150,,,,,4,4,4,root > V:3 > BH:11 > BV:10 > BV:9,selected,1,inf,True,225,115,110,149.0,1.0,1.0,True,True,1,1,0,True,1,1,0,0,True,True,0,13,8,13,8,4,PF_LS_RP,fixed,,,False,1.0,0.9531747448791089,0.1,0.1,adaptive,remove_random_aisle,offspring,feasible_start_adaptive_spacing,,,,feasible_start_adaptive_spacing,0.5,,True,auto_from_instance,0.75,0.35,"0,1,3,4,9,11,12,16,18,20,21,22,26","0,3,4,8,9,10,13,17",,,,,,"H[0,1,3,4,9,11,12,16,18,20,21,22,26]|V[0,3,4,8,9,10,13,17]",ae825089721f98e0d9805014401719023ff6a664
proposed_nsga2_bs_AT_S_comercial_layout_AW_3_seed_101,proposed_nsga2_bs,AT_S_comercial_layout_AW_3,101,14,auto_from_instance,10,15,3,28,150,,,,,5,4,4,root > V:3 > BH:11 > BV:9 > BV:9,selected,1,inf,True,225,115,110,149.0,1.0,1.0,True,True,1,1,0,True,1,1,0,0,True,True,0,13,8,13,8,4,PF_LS_RP,fixed,,,False,1.0,0.9531747448791089,0.1,0.1,adaptive,remove_random_aisle,offspring,feasible_start_adaptive_spacing,,,,feasible_start_adaptive_spacing,0.5,,True,auto_from_instance,0.75,0.35,"0,1,3,4,9,11,12,16,18,20,21,22,26","0,3,4,8,9,10,13,17",,,,,,"H[0,1,3,4,9,11,12,16,18,20,21,22,26]|V[0,3,4,8,9,10,13,17]",0a75f2b327085dc5778e0a33aad21dbd318e0a85
proposed_nsga2_bs_AT_S_comercial_layout_AW_3_seed_101,proposed_nsga2_bs,AT_S_comercial_layout_AW_3,101,14,auto_from_instance,10,15,3,28,150,,,,,6,8,3,root > V:4 > BH:11 > BV:10,selected,2,inf,True,261,102,159,439.0,1.0,1.0,True,True,1,1,0,True,1,1,0,0,True,True,0,16,5,16,5,8,PF_LS_RP,fixed,,,False,1.0,0.9485988938970887,0.1,0.1,adaptive,remove_random_aisle,offspring,feasible_start_adaptive_spacing,,,,feasible_start_adaptive_spacing,0.5,,True,auto_from_instance,0.75,0.35,"0,2,3,4,5,9,10,11,12,13,17,18,19,22,26,27","0,4,9,13",,,,,,"H[0,2,3,4,5,9,10,11,12,13,17,18,19,22,26,27]|V[0,4,9,10,13]",9f743de52d693602543418d64e2fc4d7c070588d
proposed_nsga2_bs_AT_S_comercial_layout_AW_3_seed_101,proposed_nsga2_bs,AT_S_comercial_layout_AW_3,101,14,auto_from_instance,10,15,3,28,150,,,,,7,8,3,root > V:0 > BH:11 > BH:18,selected,2,inf,True,243,85,158,367.0,1.0,1.0,True,True,1,1,0,True,1,1,0,0,True,True,0,16,4,16,4,8,PF_LS_RP,fixed,,,False,1.0,0.9485988938970887,0.1,0.1,adaptive,remove_random_aisle,offspring,feasible_start_adaptive_spacing,,,,feasible_start_adaptive_spacing,0.5,,True,auto_from_instance,0.75,0.35,"0,2,3,4,5,9,10,11,12,13,17,18,19,22,26,27","0,4,9,13",,,,,,"H[0,2,3,4,5,9,10,11,12,13,17,18,19,22,26,27]|V[0,4,9,13]",a06173efc61694b475ed0bb967fdbf0bc28bf0a8
proposed_nsga2_bs_AT_S_comercial_layout_AW_3_seed_101,proposed_nsga2_bs,AT_S_comercial_layout_AW_3,101,14,auto_from_instance,10,15,3,28,150,,,,,8,8,3,root > V:0 > BH:11 > BH:19,selected,3,inf,True,243,85,158,406.0,1.0,1.0,True,True,1,1,0,True,1,1,0,0,True,True,0,16,4,16,4,8,PF_LS_RP,fixed,,,False,1.0,0.9485988938970887,0.1,0.1,adaptive,remove_random_aisle,offspring,feasible_start_adaptive_spacing,,,,feasible_start_adaptive_spacing,0.5,,True,auto_from_instance,0.75,0.35,"0,2,3,4,5,9,10,11,12,13,17,18,19,22,26,27","0,4,9,13",,,,,,"H[0,2,3,4,5,9,10,11,12,13,17,18,19,22,26,27]|V[0,4,9,13]",c6dfc27680cf9ab70f12f2c8285c75455967f8c9
