run_id,method,method_or_variant,instance,seed,generation,candidate_id,rank,layout_signature,interior_storage,retrieval_penalty,pick_faces,door_connectivity_index,source
proposed_nsga2_bs_Gyorgy-KOVACS_WH_Wide_AW_5_seed_106,proposed_nsga2_bs,V2_fixed_weights,Gyorgy-KOVACS_WH_Wide_AW_5,106,0,11,0,416c9c0e4f9e06143d78fee04cbc7a8d1c4800ad,250,385.0,247,1.0,rank0
proposed_nsga2_bs_Gyorgy-KOVACS_WH_Wide_AW_5_seed_106,proposed_nsga2_bs,V2_fixed_weights,Gyorgy-KOVACS_WH_Wide_AW_5,106,0,12,0,4f5b467192e7c6ce4bc3fd69bf3ce13c31bd8ba0,250,385.0,247,1.0,rank0
proposed_nsga2_bs_Gyorgy-KOVACS_WH_Wide_AW_5_seed_106,proposed_nsga2_bs,V2_fixed_weights,Gyorgy-KOVACS_WH_Wide_AW_5,106,0,22,0,559a078c3ea143504613077c561cb3124d66b767,279,368.0,238,1.0,rank0
proposed_nsga2_bs_Gyorgy-KOVACS_WH_Wide_AW_5_seed_106,proposed_nsga2_bs,V2_fixed_weights,Gyorgy-KOVACS_WH_Wide_AW_5,106,0,23,0,6fcfc694894a367ef71d338faec4ce589ca685b5,279,368.0,238,1.0,rank0
proposed_nsga2_bs_Gyorgy-KOVACS_WH_Wide_AW_5_seed_106,proposed_nsga2_bs,V2_fixed_weights,Gyorgy-KOVACS_WH_Wide_AW_5,106,1,1,0,a8708aef2b1e3127a45cd25328e7b01fe876ac67,311,311.0,256,1.0,rank0
proposed_nsga2_bs_Gyorgy-KOVACS_WH_Wide_AW_5_seed_106,proposed_nsga2_bs,V2_fixed_weights,Gyorgy-KOVACS_WH_Wide_AW_5,106,1,5,0,416c9c0e4f9e06143d78fee04cbc7a8d1c4800ad,250,385.0,247,1.0,rank0
proposed_nsga2_bs_Gyorgy-KOVACS_WH_Wide_AW_5_seed_106,proposed_nsga2_bs,V2_fixed_weights,Gyorgy-KOVACS_WH_Wide_AW_5,106,1,6,0,4f5b467192e7c6ce4bc3fd69bf3ce13c31bd8ba0,250,385.0,247,1.0,rank0
proposed_nsga2_bs_Gyorgy-KOVACS_WH_Wide_AW_5_seed_106,proposed_nsga2_bs,V2_fixed_weights,Gyorgy-KOVACS_WH_Wide_AW_5,106,1,8,0,559a078c3ea143504613077c561cb3124d66b767,279,368.0,238,1.0,rank0
proposed_nsga2_bs_Gyorgy-KOVACS_WH_Wide_AW_5_seed_106,proposed_nsga2_bs,V2_fixed_weights,Gyorgy-KOVACS_WH_Wide_AW_5,106,1,10,0,6fcfc694894a367ef71d338faec4ce589ca685b5,279,368.0,238,1.0,rank0
proposed_nsga2_bs_Gyorgy-KOVACS_WH_Wide_AW_5_seed_106,proposed_nsga2_bs,V2_fixed_weights,Gyorgy-KOVACS_WH_Wide_AW_5,106,2,5,0,015ee1c8318bbe65f9d75b3878c91b9d7be2a076,279,368.0,238,1.0,rank0
proposed_nsga2_bs_Gyorgy-KOVACS_WH_Wide_AW_5_seed_106,proposed_nsga2_bs,V2_fixed_weights,Gyorgy-KOVACS_WH_Wide_AW_5,106,2,7,0,a8708aef2b1e3127a45cd25328e7b01fe876ac67,311,311.0,256,1.0,rank0
proposed_nsga2_bs_Gyorgy-KOVACS_WH_Wide_AW_5_seed_106,proposed_nsga2_bs,V2_fixed_weights,Gyorgy-KOVACS_WH_Wide_AW_5,106,2,11,0,559a078c3ea143504613077c561cb3124d66b767,279,368.0,238,1.0,rank0
proposed_nsga2_bs_Gyorgy-KOVACS_WH_Wide_AW_5_seed_106,proposed_nsga2_bs,V2_fixed_weights,Gyorgy-KOVACS_WH_Wide_AW_5,106,2,12,0,6fcfc694894a367ef71d338faec4ce589ca685b5,279,368.0,238,1.0,rank0
proposed_nsga2_bs_Gyorgy-KOVACS_WH_Wide_AW_5_seed_106,proposed_nsga2_bs,V2_fixed_weights,Gyorgy-KOVACS_WH_Wide_AW_5,106,3,5,0,015ee1c8318bbe65f9d75b3878c91b9d7be2a076,279,368.0,238,1.0,rank0
proposed_nsga2_bs_Gyorgy-KOVACS_WH_Wide_AW_5_seed_106,proposed_nsga2_bs,V2_fixed_weights,Gyorgy-KOVACS_WH_Wide_AW_5,106,3,6,0,559a078c3ea143504613077c561cb3124d66b767,279,368.0,238,1.0,rank0
proposed_nsga2_bs_Gyorgy-KOVACS_WH_Wide_AW_5_seed_106,proposed_nsga2_bs,V2_fixed_weights,Gyorgy-KOVACS_WH_Wide_AW_5,106,3,9,0,a8708aef2b1e3127a45cd25328e7b01fe876ac67,311,311.0,256,1.0,rank0
proposed_nsga2_bs_Gyorgy-KOVACS_WH_Wide_AW_5_seed_106,proposed_nsga2_bs,V2_fixed_weights,Gyorgy-KOVACS_WH_Wide_AW_5,106,3,13,0,6fcfc694894a367ef71d338faec4ce589ca685b5,279,368.0,238,1.0,rank0
proposed_nsga2_bs_Gyorgy-KOVACS_WH_Wide_AW_5_seed_106,proposed_nsga2_bs,V2_fixed_weights,Gyorgy-KOVACS_WH_Wide_AW_5,106,3,19,0,416c9c0e4f9e06143d78fee04cbc7a8d1c4800ad,250,385.0,247,1.0,rank0
proposed_nsga2_bs_Gyorgy-KOVACS_WH_Wide_AW_5_seed_106,proposed_nsga2_bs,V2_fixed_weights,Gyorgy-KOVACS_WH_Wide_AW_5,106,3,20,0,4f5b467192e7c6ce4bc3fd69bf3ce13c31bd8ba0,250,385.0,247,1.0,rank0
proposed_nsga2_bs_Gyorgy-KOVACS_WH_Wide_AW_5_seed_106,proposed_nsga2_bs,V2_fixed_weights,Gyorgy-KOVACS_WH_Wide_AW_5,106,4,1,0,416c9c0e4f9e06143d78fee04cbc7a8d1c4800ad,250,385.0,247,1.0,rank0
proposed_nsga2_bs_Gyorgy-KOVACS_WH_Wide_AW_5_seed_106,proposed_nsga2_bs,V2_fixed_weights,Gyorgy-KOVACS_WH_Wide_AW_5,106,4,2,0,4f5b467192e7c6ce4bc3fd69bf3ce13c31bd8ba0,250,385.0,247,1.0,rank0
proposed_nsga2_bs_Gyorgy-KOVACS_WH_Wide_AW_5_seed_106,proposed_nsga2_bs,V2_fixed_weights,Gyorgy-KOVACS_WH_Wide_AW_5,106,4,3,0,a8708aef2b1e3127a45cd25328e7b01fe876ac67,311,311.0,256,1.0,rank0
proposed_nsga2_bs_Gyorgy-KOVACS_WH_Wide_AW_5_seed_106,proposed_nsga2_bs,V2_fixed_weights,Gyorgy-KOVACS_WH_Wide_AW_5,106,4,7,0,559a078c3ea143504613077c561cb3124d66b767,279,368.0,238,1.0,rank0
proposed_nsga2_bs_Gyorgy-KOVACS_WH_Wide_AW_5_seed_106,proposed_nsga2_bs,V2_fixed_weights,Gyorgy-KOVACS_WH_Wide_AW_5,106,4,8,0,6fcfc694894a367ef71d338faec4ce589ca685b5,279,368.0,238,1.0,rank0
proposed_nsga2_bs_Gyorgy-KOVACS_WH_Wide_AW_5_seed_106,proposed_nsga2_bs,V2_fixed_weights,Gyorgy-KOVACS_WH_Wide_AW_5,106,4,11,0,015ee1c8318bbe65f9d75b3878c91b9d7be2a076,279,368.0,238,1.0,rank0
proposed_nsga2_bs_Gyorgy-KOVACS_WH_Wide_AW_5_seed_106,proposed_nsga2_bs,V2_fixed_weights,Gyorgy-KOVACS_WH_Wide_AW_5,106,5,1,0,416c9c0e4f9e06143d78fee04cbc7a8d1c4800ad,250,385.0,247,1.0,rank0
proposed_nsga2_bs_Gyorgy-KOVACS_WH_Wide_AW_5_seed_106,proposed_nsga2_bs,V2_fixed_weights,Gyorgy-KOVACS_WH_Wide_AW_5,106,5,2,0,4f5b467192e7c6ce4bc3fd69bf3ce13c31bd8ba0,250,385.0,247,1.0,rank0
proposed_nsga2_bs_Gyorgy-KOVACS_WH_Wide_AW_5_seed_106,proposed_nsga2_bs,V2_fixed_weights,Gyorgy-KOVACS_WH_Wide_AW_5,106,5,3,0,559a078c3ea143504613077c561cb3124d66b767,279,368.0,238,1.0,rank0
proposed_nsga2_bs_Gyorgy-KOVACS_WH_Wide_AW_5_seed_106,proposed_nsga2_bs,V2_fixed_weights,Gyorgy-KOVACS_WH_Wide_AW_5,106,5,4,0,6fcfc694894a367ef71d338faec4ce589ca685b5,279,368.0,238,1.0,rank0
proposed_nsga2_bs_Gyorgy-KOVACS_WH_Wide_AW_5_seed_106,proposed_nsga2_bs,V2_fixed_weights,Gyorgy-KOVACS_WH_Wide_AW_5,106,5,11,0,015ee1c8318bbe65f9d75b3878c91b9d7be2a076,279,368.0,238,1.0,rank0
proposed_nsga2_bs_Gyorgy-KOVACS_WH_Wide_AW_5_seed_106,proposed_nsga2_bs,V2_fixed_weights,Gyorgy-KOVACS_WH_Wide_AW_5,106,5,13,0,a8708aef2b1e3127a45cd25328e7b01fe876ac67,311,311.0,256,1.0,rank0
proposed_nsga2_bs_Gyorgy-KOVACS_WH_Wide_AW_5_seed_106,proposed_nsga2_bs,V2_fixed_weights,Gyorgy-KOVACS_WH_Wide_AW_5,106,6,1,0,416c9c0e4f9e06143d78fee04cbc7a8d1c4800ad,250,385.0,247,1.0,rank0
proposed_nsga2_bs_Gyorgy-KOVACS_WH_Wide_AW_5_seed_106,proposed_nsga2_bs,V2_fixed_weights,Gyorgy-KOVACS_WH_Wide_AW_5,106,6,2,0,4f5b467192e7c6ce4bc3fd69bf3ce13c31bd8ba0,250,385.0,247,1.0,rank0
proposed_nsga2_bs_Gyorgy-KOVACS_WH_Wide_AW_5_seed_106,proposed_nsga2_bs,V2_fixed_weights,Gyorgy-KOVACS_WH_Wide_AW_5,106,6,7,0,559a078c3ea143504613077c561cb3124d66b767,279,368.0,238,1.0,rank0
proposed_nsga2_bs_Gyorgy-KOVACS_WH_Wide_AW_5_seed_106,proposed_nsga2_bs,V2_fixed_weights,Gyorgy-KOVACS_WH_Wide_AW_5,106,6,8,0,6fcfc694894a367ef71d338faec4ce589ca685b5,279,368.0,238,1.0,rank0
proposed_nsga2_bs_Gyorgy-KOVACS_WH_Wide_AW_5_seed_106,proposed_nsga2_bs,V2_fixed_weights,Gyorgy-KOVACS_WH_Wide_AW_5,106,6,15,0,a8708aef2b1e3127a45cd25328e7b01fe876ac67,311,311.0,256,1.0,rank0
proposed_nsga2_bs_Gyorgy-KOVACS_WH_Wide_AW_5_seed_106,proposed_nsga2_bs,V2_fixed_weights,Gyorgy-KOVACS_WH_Wide_AW_5,106,7,1,0,a8708aef2b1e3127a45cd25328e7b01fe876ac67,311,311.0,256,1.0,rank0
proposed_nsga2_bs_Gyorgy-KOVACS_WH_Wide_AW_5_seed_106,proposed_nsga2_bs,V2_fixed_weights,Gyorgy-KOVACS_WH_Wide_AW_5,106,7,5,0,015ee1c8318bbe65f9d75b3878c91b9d7be2a076,279,368.0,238,1.0,rank0
proposed_nsga2_bs_Gyorgy-KOVACS_WH_Wide_AW_5_seed_106,proposed_nsga2_bs,V2_fixed_weights,Gyorgy-KOVACS_WH_Wide_AW_5,106,7,7,0,559a078c3ea143504613077c561cb3124d66b767,279,368.0,238,1.0,rank0
proposed_nsga2_bs_Gyorgy-KOVACS_WH_Wide_AW_5_seed_106,proposed_nsga2_bs,V2_fixed_weights,Gyorgy-KOVACS_WH_Wide_AW_5,106,7,8,0,6fcfc694894a367ef71d338faec4ce589ca685b5,279,368.0,238,1.0,rank0
proposed_nsga2_bs_Gyorgy-KOVACS_WH_Wide_AW_5_seed_106,proposed_nsga2_bs,V2_fixed_weights,Gyorgy-KOVACS_WH_Wide_AW_5,106,7,11,0,416c9c0e4f9e06143d78fee04cbc7a8d1c4800ad,250,385.0,247,1.0,rank0
proposed_nsga2_bs_Gyorgy-KOVACS_WH_Wide_AW_5_seed_106,proposed_nsga2_bs,V2_fixed_weights,Gyorgy-KOVACS_WH_Wide_AW_5,106,7,12,0,4f5b467192e7c6ce4bc3fd69bf3ce13c31bd8ba0,250,385.0,247,1.0,rank0
proposed_nsga2_bs_Gyorgy-KOVACS_WH_Wide_AW_5_seed_106,proposed_nsga2_bs,V2_fixed_weights,Gyorgy-KOVACS_WH_Wide_AW_5,106,8,1,0,a8708aef2b1e3127a45cd25328e7b01fe876ac67,311,311.0,256,1.0,rank0
proposed_nsga2_bs_Gyorgy-KOVACS_WH_Wide_AW_5_seed_106,proposed_nsga2_bs,V2_fixed_weights,Gyorgy-KOVACS_WH_Wide_AW_5,106,8,5,0,416c9c0e4f9e06143d78fee04cbc7a8d1c4800ad,250,385.0,247,1.0,rank0
proposed_nsga2_bs_Gyorgy-KOVACS_WH_Wide_AW_5_seed_106,proposed_nsga2_bs,V2_fixed_weights,Gyorgy-KOVACS_WH_Wide_AW_5,106,8,6,0,4f5b467192e7c6ce4bc3fd69bf3ce13c31bd8ba0,250,385.0,247,1.0,rank0
proposed_nsga2_bs_Gyorgy-KOVACS_WH_Wide_AW_5_seed_106,proposed_nsga2_bs,V2_fixed_weights,Gyorgy-KOVACS_WH_Wide_AW_5,106,8,7,0,015ee1c8318bbe65f9d75b3878c91b9d7be2a076,279,368.0,238,1.0,rank0
proposed_nsga2_bs_Gyorgy-KOVACS_WH_Wide_AW_5_seed_106,proposed_nsga2_bs,V2_fixed_weights,Gyorgy-KOVACS_WH_Wide_AW_5,106,8,9,0,559a078c3ea143504613077c561cb3124d66b767,279,368.0,238,1.0,rank0
proposed_nsga2_bs_Gyorgy-KOVACS_WH_Wide_AW_5_seed_106,proposed_nsga2_bs,V2_fixed_weights,Gyorgy-KOVACS_WH_Wide_AW_5,106,8,10,0,6fcfc694894a367ef71d338faec4ce589ca685b5,279,368.0,238,1.0,rank0
proposed_nsga2_bs_Gyorgy-KOVACS_WH_Wide_AW_5_seed_106,proposed_nsga2_bs,V2_fixed_weights,Gyorgy-KOVACS_WH_Wide_AW_5,106,9,1,0,a8708aef2b1e3127a45cd25328e7b01fe876ac67,311,311.0,256,1.0,rank0
proposed_nsga2_bs_Gyorgy-KOVACS_WH_Wide_AW_5_seed_106,proposed_nsga2_bs,V2_fixed_weights,Gyorgy-KOVACS_WH_Wide_AW_5,106,9,9,0,559a078c3ea143504613077c561cb3124d66b767,279,368.0,238,1.0,rank0
proposed_nsga2_bs_Gyorgy-KOVACS_WH_Wide_AW_5_seed_106,proposed_nsga2_bs,V2_fixed_weights,Gyorgy-KOVACS_WH_Wide_AW_5,106,9,10,0,6fcfc694894a367ef71d338faec4ce589ca685b5,279,368.0,238,1.0,rank0
proposed_nsga2_bs_Gyorgy-KOVACS_WH_Wide_AW_5_seed_106,proposed_nsga2_bs,V2_fixed_weights,Gyorgy-KOVACS_WH_Wide_AW_5,106,9,17,0,416c9c0e4f9e06143d78fee04cbc7a8d1c4800ad,250,385.0,247,1.0,rank0
proposed_nsga2_bs_Gyorgy-KOVACS_WH_Wide_AW_5_seed_106,proposed_nsga2_bs,V2_fixed_weights,Gyorgy-KOVACS_WH_Wide_AW_5,106,9,18,0,4f5b467192e7c6ce4bc3fd69bf3ce13c31bd8ba0,250,385.0,247,1.0,rank0
proposed_nsga2_bs_Gyorgy-KOVACS_WH_Wide_AW_5_seed_106,proposed_nsga2_bs,V2_fixed_weights,Gyorgy-KOVACS_WH_Wide_AW_5,106,9,19,0,015ee1c8318bbe65f9d75b3878c91b9d7be2a076,279,368.0,238,1.0,rank0
proposed_nsga2_bs_Gyorgy-KOVACS_WH_Wide_AW_5_seed_106,proposed_nsga2_bs,V2_fixed_weights,Gyorgy-KOVACS_WH_Wide_AW_5,106,10,5,0,559a078c3ea143504613077c561cb3124d66b767,279,368.0,238,1.0,rank0
proposed_nsga2_bs_Gyorgy-KOVACS_WH_Wide_AW_5_seed_106,proposed_nsga2_bs,V2_fixed_weights,Gyorgy-KOVACS_WH_Wide_AW_5,106,10,6,0,6fcfc694894a367ef71d338faec4ce589ca685b5,279,368.0,238,1.0,rank0
proposed_nsga2_bs_Gyorgy-KOVACS_WH_Wide_AW_5_seed_106,proposed_nsga2_bs,V2_fixed_weights,Gyorgy-KOVACS_WH_Wide_AW_5,106,10,9,0,a8708aef2b1e3127a45cd25328e7b01fe876ac67,311,311.0,256,1.0,rank0
proposed_nsga2_bs_Gyorgy-KOVACS_WH_Wide_AW_5_seed_106,proposed_nsga2_bs,V2_fixed_weights,Gyorgy-KOVACS_WH_Wide_AW_5,106,10,13,0,015ee1c8318bbe65f9d75b3878c91b9d7be2a076,279,368.0,238,1.0,rank0
proposed_nsga2_bs_Gyorgy-KOVACS_WH_Wide_AW_5_seed_106,proposed_nsga2_bs,V2_fixed_weights,Gyorgy-KOVACS_WH_Wide_AW_5,106,10,23,0,416c9c0e4f9e06143d78fee04cbc7a8d1c4800ad,250,385.0,247,1.0,rank0
proposed_nsga2_bs_Gyorgy-KOVACS_WH_Wide_AW_5_seed_106,proposed_nsga2_bs,V2_fixed_weights,Gyorgy-KOVACS_WH_Wide_AW_5,106,10,24,0,4f5b467192e7c6ce4bc3fd69bf3ce13c31bd8ba0,250,385.0,247,1.0,rank0
proposed_nsga2_bs_Gyorgy-KOVACS_WH_Wide_AW_5_seed_106,proposed_nsga2_bs,V2_fixed_weights,Gyorgy-KOVACS_WH_Wide_AW_5,106,11,1,0,a8708aef2b1e3127a45cd25328e7b01fe876ac67,311,311.0,256,1.0,rank0
proposed_nsga2_bs_Gyorgy-KOVACS_WH_Wide_AW_5_seed_106,proposed_nsga2_bs,V2_fixed_weights,Gyorgy-KOVACS_WH_Wide_AW_5,106,11,5,0,416c9c0e4f9e06143d78fee04cbc7a8d1c4800ad,250,385.0,247,1.0,rank0
proposed_nsga2_bs_Gyorgy-KOVACS_WH_Wide_AW_5_seed_106,proposed_nsga2_bs,V2_fixed_weights,Gyorgy-KOVACS_WH_Wide_AW_5,106,11,6,0,4f5b467192e7c6ce4bc3fd69bf3ce13c31bd8ba0,250,385.0,247,1.0,rank0
proposed_nsga2_bs_Gyorgy-KOVACS_WH_Wide_AW_5_seed_106,proposed_nsga2_bs,V2_fixed_weights,Gyorgy-KOVACS_WH_Wide_AW_5,106,11,7,0,559a078c3ea143504613077c561cb3124d66b767,279,368.0,238,1.0,rank0
proposed_nsga2_bs_Gyorgy-KOVACS_WH_Wide_AW_5_seed_106,proposed_nsga2_bs,V2_fixed_weights,Gyorgy-KOVACS_WH_Wide_AW_5,106,11,8,0,6fcfc694894a367ef71d338faec4ce589ca685b5,279,368.0,238,1.0,rank0
proposed_nsga2_bs_Gyorgy-KOVACS_WH_Wide_AW_5_seed_106,proposed_nsga2_bs,V2_fixed_weights,Gyorgy-KOVACS_WH_Wide_AW_5,106,11,11,0,015ee1c8318bbe65f9d75b3878c91b9d7be2a076,279,368.0,238,1.0,rank0
proposed_nsga2_bs_Gyorgy-KOVACS_WH_Wide_AW_5_seed_106,proposed_nsga2_bs,V2_fixed_weights,Gyorgy-KOVACS_WH_Wide_AW_5,106,12,1,0,a8708aef2b1e3127a45cd25328e7b01fe876ac67,311,311.0,256,1.0,rank0
proposed_nsga2_bs_Gyorgy-KOVACS_WH_Wide_AW_5_seed_106,proposed_nsga2_bs,V2_fixed_weights,Gyorgy-KOVACS_WH_Wide_AW_5,106,12,5,0,559a078c3ea143504613077c561cb3124d66b767,279,368.0,238,1.0,rank0
proposed_nsga2_bs_Gyorgy-KOVACS_WH_Wide_AW_5_seed_106,proposed_nsga2_bs,V2_fixed_weights,Gyorgy-KOVACS_WH_Wide_AW_5,106,12,6,0,6fcfc694894a367ef71d338faec4ce589ca685b5,279,368.0,238,1.0,rank0
proposed_nsga2_bs_Gyorgy-KOVACS_WH_Wide_AW_5_seed_106,proposed_nsga2_bs,V2_fixed_weights,Gyorgy-KOVACS_WH_Wide_AW_5,106,12,9,0,015ee1c8318bbe65f9d75b3878c91b9d7be2a076,279,368.0,238,1.0,rank0
proposed_nsga2_bs_Gyorgy-KOVACS_WH_Wide_AW_5_seed_106,proposed_nsga2_bs,V2_fixed_weights,Gyorgy-KOVACS_WH_Wide_AW_5,106,12,11,0,416c9c0e4f9e06143d78fee04cbc7a8d1c4800ad,250,385.0,247,1.0,rank0
proposed_nsga2_bs_Gyorgy-KOVACS_WH_Wide_AW_5_seed_106,proposed_nsga2_bs,V2_fixed_weights,Gyorgy-KOVACS_WH_Wide_AW_5,106,12,12,0,4f5b467192e7c6ce4bc3fd69bf3ce13c31bd8ba0,250,385.0,247,1.0,rank0
proposed_nsga2_bs_Gyorgy-KOVACS_WH_Wide_AW_5_seed_106,proposed_nsga2_bs,V2_fixed_weights,Gyorgy-KOVACS_WH_Wide_AW_5,106,13,1,0,a8708aef2b1e3127a45cd25328e7b01fe876ac67,311,311.0,256,1.0,rank0
proposed_nsga2_bs_Gyorgy-KOVACS_WH_Wide_AW_5_seed_106,proposed_nsga2_bs,V2_fixed_weights,Gyorgy-KOVACS_WH_Wide_AW_5,106,13,5,0,416c9c0e4f9e06143d78fee04cbc7a8d1c4800ad,250,385.0,247,1.0,rank0
proposed_nsga2_bs_Gyorgy-KOVACS_WH_Wide_AW_5_seed_106,proposed_nsga2_bs,V2_fixed_weights,Gyorgy-KOVACS_WH_Wide_AW_5,106,13,6,0,4f5b467192e7c6ce4bc3fd69bf3ce13c31bd8ba0,250,385.0,247,1.0,rank0
proposed_nsga2_bs_Gyorgy-KOVACS_WH_Wide_AW_5_seed_106,proposed_nsga2_bs,V2_fixed_weights,Gyorgy-KOVACS_WH_Wide_AW_5,106,13,7,0,559a078c3ea143504613077c561cb3124d66b767,279,368.0,238,1.0,rank0
proposed_nsga2_bs_Gyorgy-KOVACS_WH_Wide_AW_5_seed_106,proposed_nsga2_bs,V2_fixed_weights,Gyorgy-KOVACS_WH_Wide_AW_5,106,13,8,0,6fcfc694894a367ef71d338faec4ce589ca685b5,279,368.0,238,1.0,rank0
proposed_nsga2_bs_Gyorgy-KOVACS_WH_Wide_AW_5_seed_106,proposed_nsga2_bs,V2_fixed_weights,Gyorgy-KOVACS_WH_Wide_AW_5,106,13,11,0,015ee1c8318bbe65f9d75b3878c91b9d7be2a076,279,368.0,238,1.0,rank0
proposed_nsga2_bs_Gyorgy-KOVACS_WH_Wide_AW_5_seed_106,proposed_nsga2_bs,V2_fixed_weights,Gyorgy-KOVACS_WH_Wide_AW_5,106,14,1,0,559a078c3ea143504613077c561cb3124d66b767,279,368.0,238,1.0,rank0
proposed_nsga2_bs_Gyorgy-KOVACS_WH_Wide_AW_5_seed_106,proposed_nsga2_bs,V2_fixed_weights,Gyorgy-KOVACS_WH_Wide_AW_5,106,14,2,0,6fcfc694894a367ef71d338faec4ce589ca685b5,279,368.0,238,1.0,rank0
proposed_nsga2_bs_Gyorgy-KOVACS_WH_Wide_AW_5_seed_106,proposed_nsga2_bs,V2_fixed_weights,Gyorgy-KOVACS_WH_Wide_AW_5,106,14,9,0,416c9c0e4f9e06143d78fee04cbc7a8d1c4800ad,250,385.0,247,1.0,rank0
proposed_nsga2_bs_Gyorgy-KOVACS_WH_Wide_AW_5_seed_106,proposed_nsga2_bs,V2_fixed_weights,Gyorgy-KOVACS_WH_Wide_AW_5,106,14,10,0,4f5b467192e7c6ce4bc3fd69bf3ce13c31bd8ba0,250,385.0,247,1.0,rank0
proposed_nsga2_bs_Gyorgy-KOVACS_WH_Wide_AW_5_seed_106,proposed_nsga2_bs,V2_fixed_weights,Gyorgy-KOVACS_WH_Wide_AW_5,106,14,15,0,a8708aef2b1e3127a45cd25328e7b01fe876ac67,311,311.0,256,1.0,rank0
proposed_nsga2_bs_Gyorgy-KOVACS_WH_Wide_AW_5_seed_106,proposed_nsga2_bs,V2_fixed_weights,Gyorgy-KOVACS_WH_Wide_AW_5,106,14,16,0,015ee1c8318bbe65f9d75b3878c91b9d7be2a076,279,368.0,238,1.0,rank0
proposed_nsga2_bs_Gyorgy-KOVACS_WH_Wide_AW_5_seed_106,proposed_nsga2_bs,V2_fixed_weights,Gyorgy-KOVACS_WH_Wide_AW_5,106,15,1,0,a8708aef2b1e3127a45cd25328e7b01fe876ac67,311,311.0,256,1.0,rank0
proposed_nsga2_bs_Gyorgy-KOVACS_WH_Wide_AW_5_seed_106,proposed_nsga2_bs,V2_fixed_weights,Gyorgy-KOVACS_WH_Wide_AW_5,106,15,5,0,559a078c3ea143504613077c561cb3124d66b767,279,368.0,238,1.0,rank0
proposed_nsga2_bs_Gyorgy-KOVACS_WH_Wide_AW_5_seed_106,proposed_nsga2_bs,V2_fixed_weights,Gyorgy-KOVACS_WH_Wide_AW_5,106,15,6,0,6fcfc694894a367ef71d338faec4ce589ca685b5,279,368.0,238,1.0,rank0
proposed_nsga2_bs_Gyorgy-KOVACS_WH_Wide_AW_5_seed_106,proposed_nsga2_bs,V2_fixed_weights,Gyorgy-KOVACS_WH_Wide_AW_5,106,15,9,0,416c9c0e4f9e06143d78fee04cbc7a8d1c4800ad,250,385.0,247,1.0,rank0
proposed_nsga2_bs_Gyorgy-KOVACS_WH_Wide_AW_5_seed_106,proposed_nsga2_bs,V2_fixed_weights,Gyorgy-KOVACS_WH_Wide_AW_5,106,15,10,0,4f5b467192e7c6ce4bc3fd69bf3ce13c31bd8ba0,250,385.0,247,1.0,rank0
proposed_nsga2_bs_Gyorgy-KOVACS_WH_Wide_AW_5_seed_106,proposed_nsga2_bs,V2_fixed_weights,Gyorgy-KOVACS_WH_Wide_AW_5,106,15,11,0,015ee1c8318bbe65f9d75b3878c91b9d7be2a076,279,368.0,238,1.0,rank0
proposed_nsga2_bs_Gyorgy-KOVACS_WH_Wide_AW_5_seed_106,proposed_nsga2_bs,V2_fixed_weights,Gyorgy-KOVACS_WH_Wide_AW_5,106,16,1,0,a8708aef2b1e3127a45cd25328e7b01fe876ac67,311,311.0,256,1.0,rank0
proposed_nsga2_bs_Gyorgy-KOVACS_WH_Wide_AW_5_seed_106,proposed_nsga2_bs,V2_fixed_weights,Gyorgy-KOVACS_WH_Wide_AW_5,106,16,5,0,416c9c0e4f9e06143d78fee04cbc7a8d1c4800ad,250,385.0,247,1.0,rank0
proposed_nsga2_bs_Gyorgy-KOVACS_WH_Wide_AW_5_seed_106,proposed_nsga2_bs,V2_fixed_weights,Gyorgy-KOVACS_WH_Wide_AW_5,106,16,6,0,4f5b467192e7c6ce4bc3fd69bf3ce13c31bd8ba0,250,385.0,247,1.0,rank0
proposed_nsga2_bs_Gyorgy-KOVACS_WH_Wide_AW_5_seed_106,proposed_nsga2_bs,V2_fixed_weights,Gyorgy-KOVACS_WH_Wide_AW_5,106,16,7,0,015ee1c8318bbe65f9d75b3878c91b9d7be2a076,279,368.0,238,1.0,rank0
proposed_nsga2_bs_Gyorgy-KOVACS_WH_Wide_AW_5_seed_106,proposed_nsga2_bs,V2_fixed_weights,Gyorgy-KOVACS_WH_Wide_AW_5,106,16,8,0,559a078c3ea143504613077c561cb3124d66b767,279,368.0,238,1.0,rank0
proposed_nsga2_bs_Gyorgy-KOVACS_WH_Wide_AW_5_seed_106,proposed_nsga2_bs,V2_fixed_weights,Gyorgy-KOVACS_WH_Wide_AW_5,106,17,1,0,a8708aef2b1e3127a45cd25328e7b01fe876ac67,311,311.0,256,1.0,rank0
proposed_nsga2_bs_Gyorgy-KOVACS_WH_Wide_AW_5_seed_106,proposed_nsga2_bs,V2_fixed_weights,Gyorgy-KOVACS_WH_Wide_AW_5,106,17,5,0,015ee1c8318bbe65f9d75b3878c91b9d7be2a076,279,368.0,238,1.0,rank0
proposed_nsga2_bs_Gyorgy-KOVACS_WH_Wide_AW_5_seed_106,proposed_nsga2_bs,V2_fixed_weights,Gyorgy-KOVACS_WH_Wide_AW_5,106,17,6,0,559a078c3ea143504613077c561cb3124d66b767,279,368.0,238,1.0,rank0
proposed_nsga2_bs_Gyorgy-KOVACS_WH_Wide_AW_5_seed_106,proposed_nsga2_bs,V2_fixed_weights,Gyorgy-KOVACS_WH_Wide_AW_5,106,17,13,0,416c9c0e4f9e06143d78fee04cbc7a8d1c4800ad,250,385.0,247,1.0,rank0
proposed_nsga2_bs_Gyorgy-KOVACS_WH_Wide_AW_5_seed_106,proposed_nsga2_bs,V2_fixed_weights,Gyorgy-KOVACS_WH_Wide_AW_5,106,17,14,0,4f5b467192e7c6ce4bc3fd69bf3ce13c31bd8ba0,250,385.0,247,1.0,rank0
